1.550804525613784790e-01
1.486477553844451904e-01
1.919854879379272461e-01
1.753063797950744629e-01
2.107787877321243286e-01
1.382826864719390869e-01
1.580887734889984131e-01
9.904420375823974609e-02
1.589992791414260864e-01
1.539307683706283569e-01
1.503309756517410278e-01
2.107787877321243286e-01
1.139019355177879333e-01
2.107787877321243286e-01
2.107787877321243286e-01
1.639063209295272827e-01
8.272367715835571289e-02
1.925035119056701660e-01
2.107787877321243286e-01
1.795775145292282104e-01
1.438792198896408081e-01
1.192392259836196899e-01
2.067758291959762573e-01
1.630140990018844604e-01
1.270431429147720337e-01
1.536962389945983887e-01
2.107787877321243286e-01
1.553187668323516846e-01
1.683738082647323608e-01
2.055981904268264771e-01
1.785479784011840820e-01
1.708898842334747314e-01
1.886402517557144165e-01
8.308620750904083252e-02
1.284410208463668823e-01
1.314516216516494751e-01
1.397504508495330811e-01
1.373030841350555420e-01
1.521951854228973389e-01
8.208329975605010986e-02
2.105021774768829346e-01
2.105021774768829346e-01
1.470249295234680176e-01
9.856734424829483032e-02
1.469364911317825317e-01
1.894946545362472534e-01
1.266618072986602783e-01
9.384647756814956665e-02
1.733503937721252441e-01
2.105021774768829346e-01
2.105021774768829346e-01
2.018108963966369629e-01
2.055934518575668335e-01
2.105021774768829346e-01
1.593719720840454102e-01
1.379015892744064331e-01
1.924822628498077393e-01
1.626337468624114990e-01
1.495115160942077637e-01
1.749214529991149902e-01
8.104408532381057739e-02
1.253675073385238647e-01
1.170144453644752502e-01
1.855895966291427612e-01
1.393392980098724365e-01
1.764706075191497803e-01
1.480873078107833862e-01
1.854052096605300903e-01
2.105021774768829346e-01
1.592352837324142456e-01
1.719724088907241821e-01
2.096136361360549927e-01
1.833710968494415283e-01
1.226122379302978516e-01
8.762633055448532104e-02
1.511149257421493530e-01
2.212034910917282104e-01
1.663420051336288452e-01
1.641800701618194580e-01
1.646681576967239380e-01
2.142488658428192139e-01
1.861378848552703857e-01
2.212034910917282104e-01
2.212034910917282104e-01
2.212034910917282104e-01
2.200998663902282715e-01
8.382265269756317139e-02
8.704514056444168091e-02
8.668775856494903564e-02
1.507273763418197632e-01
1.729775965213775635e-01
1.725400835275650024e-01
1.573231369256973267e-01
1.724771857261657715e-01
1.414580196142196655e-01
1.539958268404006958e-01
1.313939690589904785e-01
1.317745596170425415e-01
1.820951253175735474e-01
1.870519220829010010e-01
2.212034910917282104e-01
2.212034910917282104e-01
2.212034910917282104e-01
1.636800467967987061e-01
5.600543320178985596e-02
6.864989548921585083e-02
9.554079174995422363e-02
1.267625242471694946e-01
1.620687693357467651e-01
2.295335531234741211e-01
2.295335531234741211e-01
2.295335531234741211e-01
2.141611874103546143e-01
5.906342342495918274e-02
4.956293478608131409e-02
7.192326337099075317e-02
1.092711985111236572e-01
1.350114643573760986e-01
2.100916206836700439e-01
2.209351956844329834e-01
1.550326347351074219e-01
2.295335531234741211e-01
8.109693229198455811e-02
8.225518465042114258e-02
1.166496202349662781e-01
1.305697262287139893e-01
1.794614046812057495e-01
2.295335531234741211e-01
2.295335531234741211e-01
2.295335531234741211e-01
1.477361023426055908e-01
5.268343538045883179e-02
4.631358757615089417e-02
9.312853217124938965e-02
1.060402318835258484e-01
2.295335531234741211e-01
2.295335531234741211e-01
2.295335531234741211e-01
2.295335531234741211e-01
2.031580805778503418e-01
6.210375949740409851e-02
7.830202579498291016e-02
7.172302901744842529e-02
9.212125092744827271e-02
1.240781098604202271e-01
1.622492522001266479e-01
1.849364638328552246e-01
1.060716658830642700e-01
2.151908427476882935e-01
1.116453111171722412e-01
1.199223697185516357e-01
1.423016339540481567e-01
1.085147708654403687e-01
9.763550013303756714e-02
1.326496452093124390e-01
2.151908427476882935e-01
1.275230348110198975e-01
1.317815035581588745e-01
1.479256302118301392e-01
1.912099272012710571e-01
2.151908427476882935e-01
1.519623696804046631e-01
2.151908427476882935e-01
2.151908427476882935e-01
2.151908427476882935e-01
2.151908427476882935e-01
2.151908427476882935e-01
1.042411699891090393e-01
1.062349751591682434e-01
6.674646586179733276e-02
9.714882075786590576e-02
1.346198171377182007e-01
1.408997774124145508e-01
2.151908427476882935e-01
1.896053850650787354e-01
1.348239779472351074e-01
2.006283700466156006e-01
1.979333013296127319e-01
2.151908427476882935e-01
1.971393376588821411e-01
8.257813006639480591e-02
1.487074494361877441e-01
2.114234268665313721e-01
1.668446809053421021e-01
1.188480928540229797e-01
1.237103790044784546e-01
1.863672584295272827e-01
2.114234268665313721e-01
1.405279636383056641e-01
1.469585299491882324e-01
1.763954460620880127e-01
1.281620115041732788e-01
2.114234268665313721e-01
2.114234268665313721e-01
1.171391457319259644e-01
1.676290184259414673e-01
1.291873902082443237e-01
7.652236521244049072e-02
1.082534343004226685e-01
1.325449347496032715e-01
1.786121428012847900e-01
1.773284971714019775e-01
1.301352232694625854e-01
1.835343092679977417e-01
2.015687823295593262e-01
2.114234268665313721e-01
1.975540518760681152e-01
1.796413362026214600e-01
1.799277514219284058e-01
1.529435217380523682e-01
2.114234268665313721e-01
1.572448313236236572e-01
1.609455943107604980e-01
2.114234268665313721e-01
1.770640760660171509e-01
1.336926072835922241e-01
1.707490384578704834e-01
1.574214547872543335e-01
1.055366471409797668e-01
1.938818097114562988e-01
2.095961421728134155e-01
1.152877062559127808e-01
1.557329744100570679e-01
8.919557183980941772e-02
6.780027598142623901e-02
1.418401598930358887e-01
1.274369955062866211e-01
1.493600904941558838e-01
1.450903266668319702e-01
2.095961421728134155e-01
1.170871779322624207e-01
2.095961421728134155e-01
1.964492946863174438e-01
1.735634654760360718e-01
1.719248443841934204e-01
1.756390631198883057e-01
1.738537997007369995e-01
2.095961421728134155e-01
1.603360921144485474e-01
1.394564509391784668e-01
2.056615501642227173e-01
1.486880630254745483e-01
1.366648375988006592e-01
1.755222827196121216e-01
1.924836337566375732e-01
2.095961421728134155e-01
2.095961421728134155e-01
1.562244594097137451e-01
1.238666921854019165e-01
1.383676081895828247e-01
1.875608861446380615e-01
1.965042203664779663e-01
7.320830971002578735e-02
1.047991663217544556e-01
1.123994812369346619e-01
1.077358871698379517e-01
1.371115297079086304e-01
8.323603123426437378e-02
1.666860580444335938e-01
1.552615165710449219e-01
1.447159349918365479e-01
1.202084422111511230e-01
2.355873137712478638e-01
3.219439983367919922e-01
1.544701606035232544e-01
9.876014292240142822e-02
9.048741310834884644e-02
8.652111142873764038e-02
9.074252843856811523e-02
1.104546487331390381e-01
1.106476560235023499e-01
1.924147605895996094e-01
2.953796684741973877e-01
2.205753773450851440e-01
1.276231557130813599e-01
8.683820813894271851e-02
9.349881112575531006e-02
1.416856199502944946e-01
1.188997775316238403e-01
7.779699563980102539e-02
3.219439983367919922e-01
3.219439983367919922e-01
3.219439983367919922e-01
1.854721605777740479e-01
6.560907512903213501e-02
4.226528480648994446e-02
5.295515060424804688e-02
4.554233327507972717e-02
1.398193985223770142e-01
2.748544812202453613e-01
2.962284088134765625e-01
1.016612350940704346e-01
6.444954127073287964e-02
5.577670037746429443e-02
4.726762324571609497e-02
6.431484967470169067e-02
8.660814166069030762e-02
2.962284088134765625e-01
2.962284088134765625e-01
2.775847315788269043e-01
4.575802013278007507e-02
1.820906102657318115e-01
5.264708027243614197e-02
4.343374818563461304e-02
7.656344771385192871e-02
1.713929623365402222e-01
5.673361197113990784e-02
2.962284088134765625e-01
2.962284088134765625e-01
2.962284088134765625e-01
1.242300271987915039e-01
3.893554210662841797e-02
1.974875666201114655e-02
2.350231818854808807e-02
2.336165681481361389e-02
1.500400304794311523e-01
2.457527518272399902e-01
2.755113542079925537e-01
6.065698713064193726e-02
3.405187278985977173e-02
2.923712879419326782e-02
2.473922632634639740e-02
4.396472871303558350e-02
5.531016364693641663e-02
2.911035120487213135e-01
2.911035120487213135e-01
2.512637674808502197e-01
7.370062917470932007e-02
2.911035120487213135e-01
1.931871473789215088e-01
6.431510299444198608e-02
7.512079179286956787e-02
1.672017723321914673e-01
2.911035120487213135e-01
1.736195534467697144e-01
2.837820351123809814e-01
1.260882914066314697e-01
2.911035120487213135e-01
2.911035120487213135e-01
1.212613359093666077e-01
8.906602114439010620e-02
2.700547277927398682e-01
1.617701649665832520e-01
1.827270686626434326e-01
1.067928448319435120e-01
4.169296100735664368e-02
3.182562440633773804e-02
2.577216550707817078e-02
4.051456600427627563e-02
5.385636165738105774e-02
7.521904259920120239e-02
9.527634084224700928e-02
5.649838969111442566e-02
3.590530529618263245e-02
2.921472862362861633e-02
4.229013249278068542e-02
3.316622599959373474e-02
8.561190962791442871e-02
5.275656655430793762e-02
1.043457463383674622e-01
3.080189824104309082e-01
1.785944998264312744e-01
2.891158461570739746e-01
1.430298238992691040e-01
3.080189824104309082e-01
3.080189824104309082e-01
1.237761601805686951e-01
1.049291864037513733e-01
3.080189824104309082e-01
3.080189824104309082e-01
1.978758722543716431e-01
6.400632113218307495e-02
4.018286615610122681e-02
1.425830274820327759e-01
1.024362370371818542e-01
5.660177767276763916e-02
8.584952354431152344e-02
3.080189824104309082e-01
1.084722355008125305e-01
6.992373615503311157e-02
4.151547327637672424e-02
2.928439714014530182e-02
5.971041321754455566e-02
5.067596957087516785e-02
1.072685867547988892e-01
6.284697353839874268e-02
1.485132575035095215e-01
1.179212853312492371e-01
6.424745172262191772e-02
4.698616638779640198e-02
3.139093518257141113e-02
1.065726727247238159e-01
1.058602407574653625e-01
1.163070350885391235e-01
1.316583156585693359e-01
2.039569169282913208e-01
3.385799825191497803e-01
1.893177628517150879e-01
4.351692646741867065e-02
2.476912736892700195e-02
9.297522157430648804e-02
5.650387704372406006e-02
6.534837931394577026e-02
9.319012612104415894e-02
3.385799825191497803e-01
3.385799825191497803e-01
1.876227110624313354e-01
5.399975180625915527e-02
4.602033644914627075e-02
8.392083644866943359e-02
6.622727215290069580e-02
5.433323606848716736e-02
7.458969950675964355e-02
3.385799825191497803e-01
1.333157271146774292e-01
8.335144817829132080e-02
6.569346040487289429e-02
3.166486695408821106e-02
1.055745929479598999e-01
1.355987340211868286e-01
1.393405199050903320e-01
1.801622807979583740e-01
2.323982119560241699e-01
2.617140114307403564e-01
6.331687420606613159e-02
8.229248970746994019e-02
3.417333960533142090e-02
3.143400326371192932e-02
9.609113633632659912e-02
1.180512979626655579e-01
1.733732521533966064e-01
3.385799825191497803e-01
2.961639165878295898e-01
1.794528365135192871e-01
4.789779335260391235e-02
4.659684374928474426e-02
8.864206820726394653e-02
6.519509851932525635e-02
7.866396754980087280e-02
8.503616601228713989e-02
2.961639165878295898e-01
2.961639165878295898e-01
1.305340081453323364e-01
2.771242149174213409e-02
3.664030879735946655e-02
1.018968299031257629e-01
7.070202380418777466e-02
1.082908958196640015e-01
8.356870710849761963e-02
2.961639165878295898e-01
2.800913453102111816e-01
5.012996867299079895e-02
7.176396250724792480e-02
2.796607092022895813e-02
2.748699486255645752e-02
9.289491176605224609e-02
1.693914979696273804e-01
1.734845489263534546e-01
2.961639165878295898e-01
2.961639165878295898e-01
6.555009633302688599e-02
3.664856776595115662e-02
2.104196138679981232e-02
4.167545214295387268e-02
1.263745278120040894e-01
2.162493467330932617e-01
2.049043774604797363e-01
2.961639165878295898e-01
3.080270290374755859e-01
7.280847430229187012e-02
2.729693613946437836e-02
2.115989662706851959e-02
7.328696548938751221e-02
5.610544979572296143e-02
8.301682025194168091e-02
7.328147441148757935e-02
3.080270290374755859e-01
3.080270290374755859e-01
5.188224464654922485e-02
3.947634622454643250e-02
2.817471697926521301e-02
1.473163366317749023e-01
5.503395199775695801e-02
1.216229498386383057e-01
1.690838187932968140e-01
3.080270290374755859e-01
3.080270290374755859e-01
1.007382944226264954e-01
2.916156686842441559e-02
1.634469628334045410e-02
3.452031314373016357e-02
8.594995737075805664e-02
1.327130496501922607e-01
1.699237078428268433e-01
3.080270290374755859e-01
3.080270290374755859e-01
2.314162552356719971e-01
4.182219132781028748e-02
3.210978582501411438e-02
3.282563388347625732e-02
3.784190863370895386e-02
4.929967969655990601e-02
9.920038282871246338e-02
3.080270290374755859e-01
2.838682234287261963e-01
3.173129260540008545e-02
3.410330042243003845e-02
2.680779062211513519e-02
1.625677943229675293e-01
4.543100669980049133e-02
1.116012111306190491e-01
1.548237651586532593e-01
2.798072993755340576e-01
3.022879362106323242e-01
7.916850596666336060e-02
6.550817191600799561e-02
1.079183742403984070e-01
3.022879362106323242e-01
5.762041360139846802e-02
8.779281377792358398e-02
1.461598575115203857e-01
2.525961399078369141e-01
3.022879362106323242e-01
1.702520847320556641e-01
3.725421428680419922e-02
2.709289453923702240e-02
2.219747193157672882e-02
3.163344413042068481e-02
4.544401913881301880e-02
5.488822236657142639e-02
3.022879362106323242e-01
3.022879362106323242e-01
1.839893758296966553e-01
5.175540596246719360e-02
7.981806993484497070e-02
1.069464609026908875e-01
5.537299066781997681e-02
4.983478412032127380e-02
7.786972075700759888e-02
3.022879362106323242e-01
2.150075584650039673e-01
1.557960659265518188e-01
1.507575958967208862e-01
1.011882871389389038e-01
1.636200398206710815e-01
1.332976520061492920e-01
1.260978430509567261e-01
1.409307271242141724e-01
2.304384559392929077e-01
1.362554877996444702e-01
1.615699529647827148e-01
2.065786421298980713e-01
2.226038724184036255e-01
1.598926037549972534e-01
1.464770436286926270e-01
6.823104619979858398e-02
1.163476929068565369e-01
1.141264215111732483e-01
2.069878727197647095e-01
6.821556389331817627e-02
1.124649345874786377e-01
1.236921399831771851e-01
1.582779139280319214e-01
1.287817358970642090e-01
1.453790217638015747e-01
1.539316922426223755e-01
1.805878281593322754e-01
2.304384559392929077e-01
2.304384559392929077e-01
2.304384559392929077e-01
2.304384559392929077e-01
1.961870491504669189e-01
1.634242981672286987e-01
9.175667911767959595e-02
1.139614433050155640e-01
2.283740937709808350e-01
1.006999909877777100e-01
9.779237955808639526e-02
1.492257267236709595e-01
1.598191410303115845e-01
1.118128970265388489e-01
1.007350981235504150e-01
5.081082880496978760e-02
7.857844978570938110e-02
8.270079642534255981e-02
1.183928772807121277e-01
1.033090651035308838e-01
1.283069252967834473e-01
1.275292038917541504e-01
1.238919645547866821e-01
1.203161254525184631e-01
7.868944108486175537e-02
7.996040582656860352e-02
1.231716945767402649e-01
2.664813697338104248e-01
2.298879027366638184e-01
2.664813697338104248e-01
2.664813697338104248e-01
1.397929787635803223e-01
1.149162575602531433e-01
6.729651987552642822e-02
2.133616805076599121e-01
2.064562737941741943e-01
2.664813697338104248e-01
2.664813697338104248e-01
2.422902286052703857e-01
1.356396824121475220e-01
8.014000207185745239e-02
9.020602703094482422e-02
9.776577353477478027e-02
2.664813697338104248e-01
2.664813697338104248e-01
1.060835942625999451e-01
1.164287254214286804e-01
1.034098863601684570e-01
1.250510811805725098e-01
9.404715150594711304e-02
8.612726628780364990e-02
6.524137407541275024e-02
6.258294731378555298e-02
1.061583012342453003e-01
1.100185066461563110e-01
1.986211091279983521e-01
1.477383822202682495e-01
1.619807332754135132e-01
1.005195304751396179e-01
3.924940153956413269e-02
4.931351915001869202e-02
6.480538100004196167e-02
8.716118335723876953e-02
3.766843676567077637e-01
3.144266903400421143e-01
8.492020517587661743e-02
6.870603561401367188e-02
5.433919280767440796e-02
6.693564355373382568e-02
7.901984453201293945e-02
2.263660430908203125e-01
3.766843676567077637e-01
3.766843676567077637e-01
1.166314631700515747e-01
5.853741616010665894e-02
6.105631217360496521e-02
4.741165041923522949e-02
3.555484116077423096e-02
5.201861262321472168e-02
1.168064475059509277e-01
3.766843676567077637e-01
9.154658019542694092e-02
1.566369980573654175e-01
1.468479931354522705e-01
1.384029090404510498e-01
8.218105882406234741e-02
3.427345678210258484e-02
3.453194722533226013e-02
5.426442250609397888e-02
6.325405091047286987e-02
1.353578865528106689e-01
1.680593490600585938e-01
1.830053478479385376e-01
1.646284759044647217e-01
1.335752457380294800e-01
3.928795456886291504e-02
3.764642402529716492e-02
3.984577953815460205e-02
5.136590451002120972e-02
3.901367485523223877e-01
1.119344756007194519e-01
5.547157675027847290e-02
6.463056802749633789e-02
7.888762652873992920e-02
3.469871729612350464e-02
5.255000665783882141e-02
8.885552734136581421e-02
3.901367485523223877e-01
3.901367485523223877e-01
1.240734308958053589e-01
4.958045855164527893e-02
7.674556970596313477e-02
1.575769782066345215e-01
6.637737154960632324e-02
2.020425945520401001e-01
1.836231499910354614e-01
3.901367485523223877e-01
1.142082363367080688e-01
1.472664475440979004e-01
1.703164130449295044e-01
1.452892571687698364e-01
1.271464228630065918e-01
4.996648058295249939e-02
4.630102589726448059e-02
3.174948692321777344e-02
5.448131263256072998e-02
8.235653489828109741e-02
9.033932536840438843e-02
1.044237613677978516e-01
9.609099477529525757e-02
8.079227805137634277e-02
1.025155559182167053e-01
9.962191432714462280e-02
9.423673152923583984e-02
1.105778142809867859e-01
3.244755864143371582e-01
1.179821193218231201e-01
4.552703350782394409e-02
6.750699877738952637e-02
1.277585327625274658e-01
6.356698274612426758e-02
2.006536275148391724e-01
1.978495568037033081e-01
3.244755864143371582e-01
3.244755864143371582e-01
1.510755270719528198e-01
8.034832030534744263e-02
7.611417025327682495e-02
1.091813147068023682e-01
1.111739054322242737e-01
3.128611743450164795e-01
3.244755864143371582e-01
3.244755864143371582e-01
1.088076308369636536e-01
1.194754913449287415e-01
1.148807406425476074e-01
1.105924248695373535e-01
1.162051409482955933e-01
1.526785790920257568e-01
1.592687815427780151e-01
1.650440245866775513e-01
1.803569793701171875e-01
1.534551382064819336e-01
1.487035453319549561e-01
1.393550038337707520e-01
1.479122787714004517e-01
1.047159507870674133e-01
1.446411460638046265e-01
1.893452852964401245e-01
1.443060785531997681e-01
1.450243294239044189e-01
2.594946026802062988e-01
1.966728270053863525e-01
1.230329275131225586e-01
9.336657077074050903e-02
1.712336838245391846e-01
1.844778358936309814e-01
2.594946026802062988e-01
2.594946026802062988e-01
2.594946026802062988e-01
1.916263252496719360e-01
1.677688360214233398e-01
1.467806994915008545e-01
1.132749542593955994e-01
1.310603618621826172e-01
1.362926810979843140e-01
1.888721883296966553e-01
1.219170764088630676e-01
2.158545851707458496e-01
1.269937157630920410e-01
1.462602168321609497e-01
1.594560295343399048e-01
1.711098402738571167e-01
9.948531538248062134e-02
1.138871088624000549e-01
1.428040713071823120e-01
1.088138967752456665e-01
1.285357475280761719e-01
1.283673048019409180e-01
1.931607872247695923e-01
2.776391208171844482e-01
2.672170102596282959e-01
1.142853423953056335e-01
8.609014004468917847e-02
8.208316564559936523e-02
1.282456070184707642e-01
1.446175724267959595e-01
1.552873253822326660e-01
1.731569468975067139e-01
1.705429404973983765e-01
1.695726811885833740e-01
1.234997585415840149e-01
1.025635674595832825e-01
1.029218211770057678e-01
9.095936268568038940e-02
1.699073314666748047e-01
2.776391208171844482e-01
2.776391208171844482e-01
2.776391208171844482e-01
2.776391208171844482e-01
1.517928391695022583e-01
9.434959292411804199e-02
4.028277099132537842e-02
6.327680498361587524e-02
1.875699013471603394e-01
6.837023794651031494e-02
1.482940763235092163e-01
2.791851758956909180e-01
2.098564803600311279e-01
8.771137893199920654e-02
4.672279953956604004e-02
4.373708367347717285e-02
8.243885636329650879e-02
6.939611583948135376e-02
3.563669323921203613e-02
2.695933580398559570e-01
2.791851758956909180e-01
2.791851758956909180e-01
1.574781835079193115e-01
5.753755569458007812e-02
1.874492876231670380e-02
3.091217949986457825e-02
1.588919572532176971e-02
2.753185927867889404e-01
2.791851758956909180e-01
2.791851758956909180e-01
2.504164874553680420e-01
8.161082863807678223e-02
4.081766307353973389e-02
2.661557123064994812e-02
5.172874405980110168e-02
1.472364664077758789e-01
1.495478302240371704e-01
1.778298169374465942e-01
2.791851758956909180e-01
2.021423727273941040e-01
1.176842525601387024e-01
9.903786331415176392e-02
3.709501028060913086e-02
9.094870090484619141e-02
1.782249361276626587e-01
4.497091844677925110e-02
3.405391573905944824e-01
3.405391573905944824e-01
3.405391573905944824e-01
2.722634077072143555e-01
1.099896878004074097e-01
3.052469342947006226e-02
3.725720569491386414e-02
1.451919507235288620e-02
5.215979367494583130e-02
1.330128312110900879e-01
2.551372349262237549e-01
8.373165130615234375e-02
7.404527068138122559e-02
6.123629584908485413e-02
4.874723777174949646e-02
6.992808729410171509e-02
3.716525807976722717e-02
1.607823371887207031e-01
1.477152407169342041e-01
3.182376325130462646e-01
2.568182349205017090e-01
2.083082944154739380e-01
2.236282676458358765e-01
8.208391070365905762e-02
1.703206598758697510e-01
2.369267195463180542e-01
6.988003104925155640e-02
9.476916491985321045e-02
7.851833850145339966e-02
4.835999011993408203e-02
6.548685580492019653e-02
1.064990758895874023e-01
6.976083666086196899e-02
5.796481668949127197e-02
3.331190720200538635e-02
1.217023730278015137e-01
2.227793931961059570e-01
2.227793931961059570e-01
1.493954956531524658e-01
1.639133095741271973e-01
1.195807456970214844e-01
1.619092375040054321e-01
2.128620594739913940e-01
1.735250651836395264e-01
1.070450916886329651e-01
1.707016676664352417e-01
1.257049590349197388e-01
1.076931506395339966e-01
1.777816414833068848e-01
1.418080478906631470e-01
2.227793931961059570e-01
1.951208710670471191e-01
2.227793931961059570e-01
1.407460868358612061e-01
2.227793931961059570e-01
2.227793931961059570e-01
1.280011683702468872e-01
1.330471187829971313e-01
1.403923481702804565e-01
1.422614306211471558e-01
1.371320337057113647e-01
7.890571653842926025e-02
9.736659377813339233e-02
1.928153783082962036e-01
1.913392245769500732e-01
1.201077401638031006e-01
1.377294659614562988e-01
1.458613425493240356e-01
1.898603886365890503e-01
1.839405000209808350e-01
1.886141300201416016e-01
1.331617087125778198e-01
1.589050441980361938e-01
1.064220517873764038e-01
6.783089786767959595e-02
1.450519263744354248e-01
1.214465871453285217e-01
2.375360727310180664e-01
1.605605781078338623e-01
2.375360727310180664e-01
2.375360727310180664e-01
1.824018806219100952e-01
1.152083054184913635e-01
8.155822008848190308e-02
2.338126897811889648e-01
2.375360727310180664e-01
2.375360727310180664e-01
2.375360727310180664e-01
2.375360727310180664e-01
8.801610022783279419e-02
1.478290706872940063e-01
1.288098245859146118e-01
8.262438327074050903e-02
1.110548675060272217e-01
1.052161976695060730e-01
1.569416821002960205e-01
1.622691601514816284e-01
1.736060231924057007e-01
1.803362518548965454e-01
1.804298311471939087e-01
1.054734364151954651e-01
1.678447127342224121e-01
1.028794497251510620e-01
1.127258613705635071e-01
1.424889266490936279e-01
1.719346642494201660e-01
1.981615722179412842e-01
2.403036057949066162e-01
1.675618588924407959e-01
1.103751882910728455e-01
6.035016477108001709e-02
1.635627448558807373e-01
2.018455862998962402e-01
2.204112708568572998e-01
2.656587958335876465e-01
2.656587958335876465e-01
2.656587958335876465e-01
1.329213380813598633e-01
1.524772793054580688e-01
5.241366103291511536e-02
5.581451952457427979e-02
1.184163168072700500e-01
1.967672705650329590e-01
2.656587958335876465e-01
2.656587958335876465e-01
1.638384312391281128e-01
1.381777673959732056e-01
9.807543456554412842e-02
1.354029029607772827e-01
7.533217966556549072e-02
8.012656867504119873e-02
9.481421858072280884e-02
1.032956019043922424e-01
1.667438447475433350e-01
1.904590427875518799e-01
1.352726221084594727e-01
1.200277209281921387e-01
6.963716447353363037e-02
1.136468499898910522e-01
6.760209053754806519e-02
1.385457515716552734e-01
1.479135006666183472e-01
2.477775961160659790e-01
2.821250259876251221e-01
8.216432482004165649e-02
1.095820367336273193e-01
3.515033423900604248e-02
2.988142333924770355e-02
8.616822212934494019e-02
2.001750171184539795e-01
2.194781452417373657e-01
2.821250259876251221e-01
2.821250259876251221e-01
1.168622598052024841e-01
7.301963120698928833e-02
3.801657631993293762e-02
4.361094161868095398e-02
1.344882845878601074e-01
2.248904854059219360e-01
2.821250259876251221e-01
2.821250259876251221e-01
1.591673940420150757e-01
1.090667918324470520e-01
9.922357648611068726e-02
5.333275720477104187e-02
7.941535860300064087e-02
5.349980667233467102e-02
1.109075695276260376e-01
1.311982572078704834e-01
2.173296809196472168e-01
2.821250259876251221e-01
1.565601229667663574e-01
1.073686555027961731e-01
6.983337551355361938e-02
9.633104503154754639e-02
9.534857422113418579e-02
6.875933706760406494e-02
1.806053221225738525e-01
2.821250259876251221e-01
3.300546705722808838e-01
1.215560510754585266e-01
3.663631528615951538e-02
1.988055370748043060e-02
2.999641746282577515e-02
6.418091058731079102e-02
9.375960379838943481e-02
1.773134618997573853e-01
3.300546705722808838e-01
3.300546705722808838e-01
2.695383429527282715e-01
3.963205218315124512e-02
2.123191207647323608e-02
2.560541406273841858e-02
2.303299307823181152e-02
2.935253269970417023e-02
8.136927336454391479e-02
3.300546705722808838e-01
2.578585743904113770e-01
1.141001582145690918e-01
6.654378026723861694e-02
4.500236734747886658e-02
5.974556505680084229e-02
5.460198968648910522e-02
3.593226522207260132e-02
1.027174964547157288e-01
2.122595012187957764e-01
3.300546705722808838e-01
2.560317814350128174e-01
8.521805703639984131e-02
2.718854509294033051e-02
3.942324966192245483e-02
1.753190532326698303e-02
2.727826498448848724e-02
5.757012963294982910e-02
2.793452739715576172e-01
3.419573903083801270e-01
2.099750787019729614e-01
3.191777318716049194e-02
1.735192723572254181e-02
1.518057566136121750e-02
1.886411756277084351e-02
3.125246986746788025e-02
3.750884532928466797e-02
3.419573903083801270e-01
3.419573903083801270e-01
2.301366031169891357e-01
4.278881102800369263e-02
5.450278893113136292e-02
6.517128646373748779e-02
3.953215479850769043e-02
3.849440813064575195e-02
6.506247073411941528e-02
3.419573903083801270e-01
3.419573903083801270e-01
2.028295397758483887e-01
6.072927638888359070e-02
1.547219604253768921e-02
1.954713277518749237e-02
8.019422180950641632e-03
2.076658234000205994e-02
4.255653917789459229e-02
2.034545093774795532e-01
3.419573903083801270e-01
1.908483952283859253e-01
5.273502320051193237e-02
1.835671998560428619e-02
1.137791294604539871e-02
1.836864836513996124e-02
1.435750536620616913e-02
5.988064408302307129e-02
2.106088399887084961e-01
1.198235303163528442e-01
4.458191990852355957e-02
7.750505954027175903e-02
8.523774147033691406e-02
1.139137819409370422e-01
8.018988370895385742e-02
7.841666787862777710e-02
8.065506815910339355e-02
9.542194008827209473e-02
2.555604279041290283e-01
2.287729829549789429e-01
2.754332721233367920e-01
2.474259883165359497e-01
1.326505541801452637e-01
1.002995893359184265e-01
4.791222140192985535e-02
6.201216951012611389e-02
1.426110416650772095e-01
1.313082426786422729e-01
9.772890061140060425e-02
2.040590941905975342e-01
2.424486130475997925e-01
2.754332721233367920e-01
1.368623822927474976e-01
5.913507938385009766e-02
8.253856003284454346e-02
8.208751678466796875e-02
2.071136534214019775e-01
2.754332721233367920e-01
2.754332721233367920e-01
2.754332721233367920e-01
2.754332721233367920e-01
1.354758143424987793e-01
6.618628650903701782e-02
7.026162743568420410e-02
6.869398057460784912e-02
1.833215951919555664e-01
1.638759523630142212e-01
2.736861109733581543e-01
1.476318836212158203e-01
7.234785705804824829e-02
5.950694903731346130e-02
2.915604040026664734e-02
1.081837862730026245e-01
1.098822131752967834e-01
2.736861109733581543e-01
2.736861109733581543e-01
1.592556089162826538e-01
1.123607084155082703e-01
6.376467645168304443e-02
5.485377833247184753e-02
5.563323199748992920e-02
1.567022949457168579e-01
2.601079344749450684e-01
1.247866526246070862e-01
1.855182051658630371e-01
2.736861109733581543e-01
2.081002295017242432e-01
1.668431311845779419e-01
6.056249514222145081e-02
3.626242652535438538e-02
5.047165974974632263e-02
5.438347533345222473e-02
1.624032407999038696e-01
2.532641887664794922e-01
2.736861109733581543e-01
2.736861109733581543e-01
2.363039702177047729e-01
5.289801210165023804e-02
3.265677765011787415e-02
4.921739175915718079e-02
8.688025176525115967e-02
2.996724843978881836e-01
2.404783517122268677e-01
6.158078089356422424e-02
6.108811125159263611e-02
4.262895509600639343e-02
3.558142855763435364e-02
3.903796523809432983e-02
1.127822622656822205e-01
2.916965782642364502e-01
2.996724843978881836e-01
9.211505949497222900e-02
4.210602119565010071e-02
3.853302448987960815e-02
1.748692616820335388e-02
1.776750199496746063e-02
1.650859229266643524e-02
5.769449844956398010e-02
2.996724843978881836e-01
2.269167751073837280e-01
2.096523791551589966e-01
2.073554545640945435e-01
2.996724843978881836e-01
1.672485321760177612e-01
3.814058750867843628e-02
2.111213281750679016e-02
3.621573373675346375e-02
1.119336113333702087e-01
2.996724843978881836e-01
1.085046082735061646e-01
7.298490405082702637e-02
1.379579603672027588e-01
1.500099003314971924e-01
1.228954046964645386e-01
9.924828261137008667e-02
9.331130236387252808e-02
2.996724843978881836e-01
2.758999764919281006e-01
6.094275414943695068e-02
3.149333596229553223e-02
4.428065940737724304e-02
4.238166660070419312e-02
1.682323962450027466e-02
2.013463899493217468e-02
4.849860072135925293e-02
2.758999764919281006e-01
2.758999764919281006e-01
7.131728529930114746e-02
2.781657315790653229e-02
4.713041707873344421e-02
1.118005216121673584e-01
3.095495142042636871e-02
1.068967133760452271e-01
1.110984086990356445e-01
2.758999764919281006e-01
2.758999764919281006e-01
1.156324669718742371e-01
6.441062688827514648e-02
1.386354714632034302e-01
1.874937564134597778e-01
1.198730766773223877e-01
1.045317277312278748e-01
1.058990806341171265e-01
2.758999764919281006e-01
2.758999764919281006e-01
2.072288990020751953e-01
1.587993800640106201e-01
2.578511834144592285e-01
2.758999764919281006e-01
9.290490299463272095e-02
9.114181250333786011e-02
1.305372416973114014e-01
2.333106845617294312e-01
2.497704327106475830e-01
6.727314740419387817e-02
1.940977387130260468e-02
3.262664005160331726e-02
9.349054098129272461e-02
3.296835720539093018e-02
1.153227314352989197e-01
1.252309232950210571e-01
2.497704327106475830e-01
2.497704327106475830e-01
7.507495582103729248e-02
3.969424962997436523e-02
3.617217764258384705e-02
5.411047115921974182e-02
6.212070211768150330e-02
1.971064805984497070e-01
1.861355602741241455e-01
2.497704327106475830e-01
2.497704327106475830e-01
1.751120686531066895e-01
1.750226318836212158e-01
1.955928951501846313e-01
2.497704327106475830e-01
8.212862163782119751e-02
6.902533769607543945e-02
1.118899434804916382e-01
2.497704327106475830e-01
2.298731803894042969e-01
9.544595330953598022e-02
1.840220242738723755e-01
9.229680895805358887e-02
8.925169706344604492e-02
2.095278650522232056e-01
2.497704327106475830e-01
1.505668461322784424e-01
2.497704327106475830e-01
2.351833879947662354e-01
7.406248152256011963e-02
4.539533704519271851e-02
3.609562292695045471e-02
6.645602732896804810e-02
7.625595480203628540e-02
2.199226319789886475e-01
2.183825075626373291e-01
2.471413612365722656e-01
1.510818749666213989e-01
6.834585219621658325e-02
4.577484726905822754e-02
3.420956432819366455e-02
5.356470495462417603e-02
4.732006788253784180e-02
8.351857960224151611e-02
1.781229376792907715e-01
2.137865275144577026e-01
2.471413612365722656e-01
8.726805448532104492e-02
1.699231714010238647e-01
9.280186146497726440e-02
1.023317873477935791e-01
2.471413612365722656e-01
2.471413612365722656e-01
2.462133467197418213e-01
2.471413612365722656e-01
2.471413612365722656e-01
8.948893845081329346e-02
7.811700552701950073e-02
5.238894000649452209e-02
7.369704544544219971e-02
1.364271193742752075e-01
2.471413612365722656e-01
2.471413612365722656e-01
2.471413612365722656e-01
1.424030065536499023e-01
7.198276370763778687e-02
6.331021338701248169e-02
6.121889501810073853e-02
5.534824356436729431e-02
3.563106060028076172e-02
5.993531271815299988e-02
1.438507139682769775e-01
1.879262179136276245e-01
2.613656520843505859e-01
2.613656520843505859e-01
2.613656520843505859e-01
1.436976194381713867e-01
6.985735893249511719e-02
2.723633125424385071e-02
2.773900702595710754e-02
4.192468896508216858e-02
1.755350530147552490e-01
2.463584393262863159e-01
6.577607989311218262e-02
3.219617158174514771e-02
5.664243176579475403e-02
8.267934620380401611e-02
1.038938462734222412e-01
2.613656520843505859e-01
2.613656520843505859e-01
2.613656520843505859e-01
2.613656520843505859e-01
1.370845139026641846e-01
1.749892681837081909e-01
8.724242448806762695e-02
1.075931936502456665e-01
4.485719278454780579e-02
2.613656520843505859e-01
2.613656520843505859e-01
2.613656520843505859e-01
2.483285963535308838e-01
2.483285963535308838e-01
2.483285963535308838e-01
1.543342173099517822e-01
5.759228393435478210e-02
1.913412846624851227e-02
3.554752096533775330e-02
5.632261931896209717e-02
2.250923514366149902e-01
2.020259946584701538e-01
1.141668930649757385e-01
1.506488770246505737e-01
6.888772547245025635e-02
4.365941509604454041e-02
5.023550987243652344e-02
1.227587461471557617e-01
1.115005537867546082e-01
2.483285963535308838e-01
2.483285963535308838e-01
1.451238542795181274e-01
1.753615289926528931e-01
7.343803346157073975e-02
8.556459099054336548e-02
3.449459746479988098e-02
2.483285963535308838e-01
2.483285963535308838e-01
2.483285963535308838e-01
2.483285963535308838e-01
7.802913337945938110e-02
2.867210470139980316e-02
3.629434853792190552e-02
3.449844568967819214e-02
5.598655715584754944e-02
2.483285963535308838e-01
2.123330533504486084e-01
2.483285963535308838e-01
1.887174993753433228e-01
6.347884237766265869e-02
7.465087622404098511e-02
4.864574968814849854e-02
5.036598071455955505e-02
7.602746784687042236e-02
1.669162660837173462e-01
1.432524770498275757e-01
2.422948479652404785e-01
7.312080264091491699e-02
5.435364320874214172e-02
3.874356672167778015e-02
2.081566862761974335e-02
2.414840646088123322e-02
4.107869043946266174e-02
7.893043756484985352e-02
7.074631005525588989e-02
9.332522749900817871e-02
2.969926297664642334e-01
9.388948231935501099e-02
2.914037927985191345e-02
5.251449719071388245e-02
5.573334917426109314e-02
1.753172129392623901e-01
2.969926297664642334e-01
2.919245362281799316e-01
2.969926297664642334e-01
2.937244176864624023e-01
7.263147085905075073e-02
3.387046977877616882e-02
3.114795126020908356e-02
3.416966646909713745e-02
2.145840674638748169e-01
2.969926297664642334e-01
2.969926297664642334e-01
2.969926297664642334e-01
6.897493451833724976e-02
7.738751173019409180e-02
6.127262115478515625e-02
3.221508860588073730e-02
3.338807448744773865e-02
3.409490734338760376e-02
8.127823472023010254e-02
7.473319768905639648e-02
8.487933874130249023e-02
2.962590567767620087e-02
4.641148820519447327e-02
4.805742204189300537e-02
3.133513405919075012e-02
3.519952669739723206e-02
3.636357188224792480e-02
3.839375451207160950e-02
4.711923375725746155e-02
4.679387062788009644e-02
3.710002005100250244e-01
5.552559718489646912e-02
4.667013883590698242e-02
2.695804275572299957e-02
9.068518877029418945e-02
2.598023414611816406e-01
3.755314946174621582e-01
3.755314946174621582e-01
3.755314946174621582e-01
9.682840108871459961e-02
7.202880829572677612e-02
5.783553048968315125e-02
3.847707435488700867e-02
1.457595974206924438e-01
1.378433555364608765e-01
3.476108908653259277e-01
2.606988251209259033e-01
2.311133593320846558e-01
1.100551784038543701e-01
1.478465944528579712e-01
1.394155472517013550e-01
1.006417497992515564e-01
1.223491206765174866e-01
1.060674563050270081e-01
1.356191039085388184e-01
1.686610430479049683e-01
1.571440249681472778e-01
1.737850308418273926e-01
1.527928411960601807e-01
1.080024912953376770e-01
1.830522567033767700e-01
1.246840581297874451e-01
1.146146357059478760e-01
1.427934914827346802e-01
1.448506265878677368e-01
1.571878343820571899e-01
2.163583934307098389e-01
2.248254865407943726e-01
2.121174186468124390e-01
1.283671706914901733e-01
2.420189678668975830e-01
2.420189678668975830e-01
2.420189678668975830e-01
2.420189678668975830e-01
2.420189678668975830e-01
1.701732128858566284e-01
1.174585744738578796e-01
1.338377594947814941e-01
9.952788054943084717e-02
1.899696439504623413e-01
1.248953416943550110e-01
1.199040114879608154e-01
1.474953442811965942e-01
1.808926910161972046e-01
2.100085169076919556e-01
1.760089695453643799e-01
1.390825808048248291e-01
2.115329355001449585e-01
1.334478706121444702e-01
1.287347227334976196e-01
1.491477787494659424e-01
1.208161413669586182e-01
2.004186511039733887e-01
1.503476053476333618e-01
2.115329355001449585e-01
1.763191670179367065e-01
1.138042956590652466e-01
2.115329355001449585e-01
1.194351464509963989e-01
2.102116346359252930e-01
1.959398835897445679e-01
1.727030426263809204e-01
1.841198205947875977e-01
1.402852386236190796e-01
1.082004457712173462e-01
1.060706675052642822e-01
1.343014389276504517e-01
1.157349646091461182e-01
1.479170024394989014e-01
1.604422032833099365e-01
1.735905706882476807e-01
2.115329355001449585e-01
1.667432934045791626e-01
1.067941933870315552e-01
1.322503834962844849e-01
2.053097188472747803e-01
1.209225431084632874e-01
1.762888133525848389e-01
2.115329355001449585e-01
2.115329355001449585e-01
1.167299896478652954e-01
1.972807943820953369e-01
1.602059006690979004e-01
8.890281617641448975e-02
1.735619455575942993e-01
1.078113690018653870e-01
1.896494179964065552e-01
1.926872432231903076e-01
1.296664923429489136e-01
2.087300568819046021e-01
2.087300568819046021e-01
1.973757892847061157e-01
1.303352564573287964e-01
1.793596148490905762e-01
2.027580738067626953e-01
1.662208586931228638e-01
1.950244456529617310e-01
1.737319827079772949e-01
1.619647592306137085e-01
1.453599333763122559e-01
1.063166335225105286e-01
9.739834815263748169e-02
1.884011179208755493e-01
1.194055527448654175e-01
1.429769694805145264e-01
2.087300568819046021e-01
1.877614557743072510e-01
1.474349051713943481e-01
1.898651719093322754e-01
2.087300568819046021e-01
1.070419624447822571e-01
1.622510552406311035e-01
1.522753834724426270e-01
1.640223115682601929e-01
1.874824911355972290e-01
1.624400764703750610e-01
2.394895404577255249e-01
2.153428792953491211e-01
1.752072423696517944e-01
1.205135956406593323e-01
1.423910111188888550e-01
1.550688147544860840e-01
1.197655647993087769e-01
1.478881388902664185e-01
1.719840317964553833e-01
2.394895404577255249e-01
2.394895404577255249e-01
2.151201963424682617e-01
7.854697853326797485e-02
9.856624156236648560e-02
6.172038987278938293e-02
8.871259540319442749e-02
1.360558122396469116e-01
2.394895404577255249e-01
1.570237725973129272e-01
1.959680020809173584e-01
1.977386921644210815e-01
9.388100355863571167e-02
1.207270994782447815e-01
1.087951213121414185e-01
1.603329032659530640e-01
1.648555397987365723e-01
1.345673203468322754e-01
2.253865748643875122e-01
2.310513705015182495e-01
2.309880703687667847e-01
9.374473243951797485e-02
8.311278373003005981e-02
9.915160387754440308e-02
1.320731043815612793e-01
1.503644585609436035e-01
2.064660191535949707e-01
2.614249885082244873e-01
2.614249885082244873e-01
1.817998588085174561e-01
5.697780847549438477e-02
6.296705454587936401e-02
3.884277865290641785e-02
7.078748941421508789e-02
1.291980892419815063e-01
2.387987822294235229e-01
2.614249885082244873e-01
2.614249885082244873e-01
1.821165680885314941e-01
6.147397682070732117e-02
3.984909504652023315e-02
7.097968459129333496e-02
5.029206722974777222e-02
1.583163291215896606e-01
2.614249885082244873e-01
2.061847150325775146e-01
2.091885358095169067e-01
1.929112225770950317e-01
8.829000592231750488e-02
5.339668318629264832e-02
7.979053258895874023e-02
9.691306948661804199e-02
1.202291026711463928e-01
1.713715642690658569e-01
2.614249885082244873e-01
2.614249885082244873e-01
1.545377224683761597e-01
1.243706122040748596e-01
7.170698791742324829e-02
8.831778913736343384e-02
5.264228582382202148e-02
1.173732951283454895e-01
2.544947862625122070e-01
8.741495758295059204e-02
7.719871401786804199e-02
1.463745683431625366e-01
2.361615449190139771e-01
2.644623219966888428e-01
1.281305849552154541e-01
5.363827943801879883e-02
6.103049963712692261e-02
6.830573827028274536e-02
7.929959148168563843e-02
1.418924927711486816e-01
2.644623219966888428e-01
2.644623219966888428e-01
2.644623219966888428e-01
1.357880979776382446e-01
9.670067578554153442e-02
7.269432395696640015e-02
4.068037867546081543e-02
5.701187252998352051e-02
5.175131931900978088e-02
3.803721070289611816e-02
1.442955136299133301e-01
2.597751021385192871e-01
2.414574474096298218e-01
1.952191591262817383e-01
1.291987597942352295e-01
8.215197920799255371e-02
4.966650903224945068e-02
3.385142236948013306e-02
3.630436584353446960e-02
1.644876897335052490e-01
2.644623219966888428e-01
2.644623219966888428e-01
2.644623219966888428e-01
2.644623219966888428e-01
1.033450961112976074e-01
5.023071914911270142e-02
9.337361901998519897e-02
2.579062879085540771e-01
1.868026256561279297e-01
1.773526668548583984e-01
6.741081178188323975e-02
5.854548141360282898e-02
5.155827477574348450e-02
3.515496477484703064e-02
6.593023240566253662e-02
1.227951496839523315e-01
2.485487163066864014e-01
2.836507856845855713e-01
2.836507856845855713e-01
8.020077645778656006e-02
2.385828830301761627e-02
3.224024921655654907e-02
3.798069432377815247e-02
3.024544939398765564e-02
2.130539342761039734e-02
3.753139451146125793e-02
8.303751051425933838e-02
1.587467640638351440e-01
1.719976365566253662e-01
2.836507856845855713e-01
2.836507856845855713e-01
6.541046500205993652e-02
2.657085284590721130e-02
2.035921066999435425e-02
7.261390239000320435e-02
2.836507856845855713e-01
2.836507856845855713e-01
2.836507856845855713e-01
2.836507856845855713e-01
1.585391014814376831e-01
8.113525062799453735e-02
1.193069070577621460e-01
1.422705203294754028e-01
2.298751026391983032e-01
2.676669359207153320e-01
2.625979483127593994e-01
7.967294752597808838e-02
1.783575490117073059e-02
3.070517256855964661e-02
5.861909314990043640e-02
1.814647018909454346e-01
1.022234410047531128e-01
1.156038418412208557e-01
1.621793508529663086e-01
1.767694503068923950e-01
1.482060998678207397e-01
1.337031722068786621e-01
1.117081493139266968e-01
2.146339267492294312e-01
8.541393280029296875e-02
2.558221109211444855e-02
6.084048748016357422e-02
2.599968612194061279e-01
2.317365854978561401e-01
2.676669359207153320e-01
2.676669359207153320e-01
1.371245831251144409e-01
1.193560063838958740e-01
2.597338259220123291e-01
1.128560230135917664e-01
1.867236196994781494e-01
2.025311142206192017e-01
1.529407501220703125e-01
1.036478504538536072e-01
9.798870980739593506e-02
8.672544360160827637e-02
1.704318225383758545e-01
1.549310833215713501e-01
1.259541660547256470e-01
1.056971848011016846e-01
1.462297737598419189e-01
1.937516480684280396e-01
1.341179013252258301e-01
1.338421404361724854e-01
1.269605308771133423e-01
1.975746005773544312e-01
1.698534339666366577e-01
2.164623290300369263e-01
1.852007508277893066e-01
2.164623290300369263e-01
2.164623290300369263e-01
1.022249236702919006e-01
7.618730515241622925e-02
1.378639787435531616e-01
2.116638571023941040e-01
2.092960029840469360e-01
1.246843039989471436e-01
1.848307251930236816e-01
1.917952895164489746e-01
1.594247221946716309e-01
1.486714780330657959e-01
1.159025654196739197e-01
8.923200517892837524e-02
1.431569904088973999e-01
2.164623290300369263e-01
1.310056298971176147e-01
1.077804267406463623e-01
1.426540762186050415e-01
2.164623290300369263e-01
2.164623290300369263e-01
1.664330214262008667e-01
1.705199629068374634e-01
2.164623290300369263e-01
1.424846500158309937e-01
1.621677279472351074e-01
1.751607805490493774e-01
2.012783139944076538e-01
2.114575356245040894e-01
8.558312058448791504e-02
3.596056252717971802e-02
9.230428934097290039e-02
1.953528970479965210e-01
1.636271923780441284e-01
8.759629726409912109e-02
2.114575356245040894e-01
1.455264091491699219e-01
1.410223394632339478e-01
2.114575356245040894e-01
1.945046633481979370e-01
1.183415651321411133e-01
2.079621404409408569e-01
2.114575356245040894e-01
1.060260385274887085e-01
6.332398951053619385e-02
1.018080338835716248e-01
1.852813661098480225e-01
2.114575356245040894e-01
1.250496208667755127e-01
1.492510437965393066e-01
1.851934045553207397e-01
2.114575356245040894e-01
1.804279237985610962e-01
2.114575356245040894e-01
2.111120969057083130e-01
1.603840887546539307e-01
2.114575356245040894e-01
1.114597991108894348e-01
1.432952880859375000e-01
1.688847094774246216e-01
1.640324741601943970e-01
6.746114790439605713e-02
2.056491374969482422e-01
1.217430010437965393e-01
1.541307270526885986e-01
2.190783470869064331e-01
2.023002058267593384e-01
1.517354696989059448e-01
1.666108667850494385e-01
1.549698859453201294e-01
7.011229544878005981e-02
9.832886606454849243e-02
7.154461741447448730e-02
1.276054829359054565e-01
1.281633675098419189e-01
2.094595581293106079e-01
2.190783470869064331e-01
2.190783470869064331e-01
1.770743131637573242e-01
1.880486607551574707e-01
2.190783470869064331e-01
2.170451432466506958e-01
1.958959847688674927e-01
2.190783470869064331e-01
9.369943290948867798e-02
1.246477589011192322e-01
1.495944410562515259e-01
2.187910526990890503e-01
2.190783470869064331e-01
2.190783470869064331e-01
1.171533465385437012e-01
1.734771877527236938e-01
1.131915897130966187e-01
7.626280188560485840e-02
8.778095990419387817e-02
1.434848606586456299e-01
1.627746820449829102e-01
6.295042484998703003e-02
4.983403161168098450e-02
9.054293483495712280e-02
1.418527066707611084e-01
1.142412424087524414e-01
2.548325955867767334e-01
2.548325955867767334e-01
2.467960119247436523e-01
1.378122568130493164e-01
6.911383569240570068e-02
1.160165965557098389e-01
9.578046202659606934e-02
1.528829783201217651e-01
5.092447251081466675e-02
2.548325955867767334e-01
2.548325955867767334e-01
2.262922823429107666e-01
2.243857979774475098e-01
2.548325955867767334e-01
2.548325955867767334e-01
1.350609362125396729e-01
1.632028669118881226e-01
8.124180138111114502e-02
8.148387819528579712e-02
6.998075544834136963e-02
1.328882575035095215e-01
1.355793327093124390e-01
2.548325955867767334e-01
2.548325955867767334e-01
1.293630450963973999e-01
1.495350748300552368e-01
3.404896333813667297e-02
8.763961493968963623e-02
6.973042339086532593e-02
1.301372051239013672e-01
1.851258873939514160e-01
9.189248830080032349e-02
1.590788811445236206e-01
1.015217900276184082e-01
1.711395531892776489e-01
6.649933755397796631e-02
2.488637268543243408e-01
2.488637268543243408e-01
2.488637268543243408e-01
2.060845494270324707e-01
8.448641002178192139e-02
5.752785131335258484e-02
7.773532718420028687e-02
8.415730297565460205e-02
1.108709275722503662e-01
2.488637268543243408e-01
2.171183526515960693e-01
2.488637268543243408e-01
1.902316063642501831e-01
2.488637268543243408e-01
2.488637268543243408e-01
1.320546865463256836e-01
1.693463474512100220e-01
4.848550632596015930e-02
1.229310333728790283e-01
9.246108680963516235e-02
1.834058761596679688e-01
1.540140807628631592e-01
1.751696616411209106e-01
1.631668955087661743e-01
1.376087814569473267e-01
1.377344280481338501e-01
1.146472692489624023e-01
1.103126928210258484e-01
1.324726343154907227e-01
1.507112532854080200e-01
1.511842012405395508e-01
5.443377047777175903e-02
3.646225109696388245e-02
7.706021517515182495e-02
7.827859371900558472e-02
1.597733646631240845e-01
2.745491862297058105e-01
1.656127721071243286e-01
1.692465543746948242e-01
1.950777173042297363e-01
1.098298281431198120e-01
1.024683341383934021e-01
5.404924973845481873e-02
4.788624495267868042e-02
1.855891048908233643e-01
2.790833413600921631e-01
2.790833413600921631e-01
2.790833413600921631e-01
1.038829162716865540e-01
1.365533620119094849e-01
2.254981994628906250e-01
1.630977243185043335e-01
1.294748485088348389e-01
1.098861172795295715e-01
7.121228426694869995e-02
1.025170236825942993e-01
1.328355073928833008e-01
1.835311800241470337e-01
2.790833413600921631e-01
2.790833413600921631e-01
1.381248831748962402e-01
6.979119032621383667e-02
8.965578675270080566e-02
8.688022941350936890e-02
1.132677644491195679e-01
2.372840791940689087e-01
1.910405755043029785e-01
1.382132321596145630e-01
1.644818931818008423e-01
3.208984062075614929e-02
7.261262089014053345e-02
1.751853525638580322e-01
2.997201383113861084e-01
2.997201383113861084e-01
2.997201383113861084e-01
6.227566674351692200e-02
1.120728328824043274e-01
1.289118677377700806e-01
2.109512500464916229e-02
9.464513510465621948e-02
9.184779971837997437e-02
2.252883166074752808e-01
1.466827839612960815e-01
1.613869071006774902e-01
1.930613219738006592e-01
2.997201383113861084e-01
2.997201383113861084e-01
7.752934843301773071e-02
7.191465049982070923e-02
1.027416139841079712e-01
1.305982172489166260e-01
9.698010236024856567e-02
2.301290333271026611e-01
5.922532454133033752e-02
2.106808423995971680e-01
2.330913990736007690e-01
2.476793900132179260e-02
7.630770653486251831e-02
6.789324432611465454e-02
1.136874556541442871e-01
6.481228768825531006e-02
1.007868722081184387e-01
1.648860871791839600e-01
2.094856649637222290e-01
2.469913810491561890e-01
8.406719565391540527e-02
2.469913810491561890e-01
2.469913810491561890e-01
2.469913810491561890e-01
1.983328163623809814e-01
2.469913810491561890e-01
9.730602800846099854e-02
6.487397849559783936e-02
8.281048387289047241e-02
5.985247716307640076e-02
1.460043638944625854e-01
7.671510428190231323e-02
7.315818220376968384e-02
9.286137670278549194e-02
1.494820266962051392e-01
1.582513004541397095e-01
2.469913810491561890e-01
2.469913810491561890e-01
1.004477739334106445e-01
2.469913810491561890e-01
2.000336050987243652e-01
2.469913810491561890e-01
1.545308083295822144e-01
2.469913810491561890e-01
8.499181270599365234e-02
1.056233346462249756e-01
1.124402731657028198e-01
8.882733434438705444e-02
1.467652916908264160e-01
4.993861541152000427e-02
5.585834756493568420e-02
6.946174055337905884e-02
1.115853488445281982e-01
1.834963113069534302e-01
1.263101994991302490e-01
1.107597500085830688e-01
1.144663020968437195e-01
1.718957871198654175e-01
1.170631349086761475e-01
1.560200899839401245e-01
1.645421832799911499e-01
1.659395098686218262e-01
2.169142216444015503e-01
1.610491722822189331e-01
1.318383067846298218e-01
1.350520700216293335e-01
2.149125486612319946e-01
1.383135914802551270e-01
1.888129711151123047e-01
2.169142216444015503e-01
2.169142216444015503e-01
1.658195704221725464e-01
2.056076079607009888e-01
2.057920992374420166e-01
1.595919132232666016e-01
2.169142216444015503e-01
9.494587779045104980e-02
9.850779175758361816e-02
1.079750210046768188e-01
1.124765127897262573e-01
1.844948828220367432e-01
1.679727435111999512e-01
2.169142216444015503e-01
1.164192557334899902e-01
2.169142216444015503e-01
1.538403183221817017e-01
1.101410686969757080e-01
1.285340934991836548e-01
2.169142216444015503e-01
1.889049112796783447e-01
1.456732302904129028e-01
1.227522343397140503e-01
9.923240542411804199e-02
1.859169751405715942e-01
1.380820274353027344e-01
1.551241874694824219e-01
2.116488516330718994e-01
1.913074254989624023e-01
1.659197956323623657e-01
2.116488516330718994e-01
2.058079689741134644e-01
8.915811032056808472e-02
1.746366620063781738e-01
1.501549631357192993e-01
1.637728512287139893e-01
1.953153014183044434e-01
1.530601084232330322e-01
1.573121100664138794e-01
1.296608895063400269e-01
1.852058619260787964e-01
8.629044145345687866e-02
2.116488516330718994e-01
1.725699007511138916e-01
1.174011677503585815e-01
9.700532257556915283e-02
2.013821750879287720e-01
1.730690151453018188e-01
1.773698925971984863e-01
1.289836764335632324e-01
1.348343342542648315e-01
1.942504197359085083e-01
2.116488516330718994e-01
2.116488516330718994e-01
1.472471058368682861e-01
1.613609939813613892e-01
1.917210668325424194e-01
2.152453511953353882e-01
2.151337265968322754e-01
8.710252493619918823e-02
1.470833569765090942e-01
1.102425083518028259e-01
1.816420257091522217e-01
1.955313533544540405e-01
1.311687380075454712e-01
2.152453511953353882e-01
2.152453511953353882e-01
2.152453511953353882e-01
1.063249632716178894e-01
9.580560773611068726e-02
9.559745341539382935e-02
1.499999910593032837e-01
1.609300523996353149e-01
2.074672877788543701e-01
1.833025813102722168e-01
2.043196260929107666e-01
1.433428823947906494e-01
1.243376061320304871e-01
1.695317476987838745e-01
1.715951710939407349e-01
1.944400668144226074e-01
1.455700397491455078e-01
1.003477200865745544e-01
2.152453511953353882e-01
2.152453511953353882e-01
1.963196545839309692e-01
8.584327250719070435e-02
1.321197003126144409e-01
1.348789185285568237e-01
1.410973519086837769e-01
1.567143946886062622e-01
1.460279375314712524e-01
2.215911149978637695e-01
2.215911149978637695e-01
2.215911149978637695e-01
1.238581165671348572e-01
6.944064795970916748e-02
9.759358316659927368e-02
1.293250620365142822e-01
1.305343210697174072e-01
1.956083476543426514e-01
2.215911149978637695e-01
2.215911149978637695e-01
1.827938407659530640e-01
1.657278537750244141e-01
1.212081983685493469e-01
1.266816705465316772e-01
7.646037638187408447e-02
1.277728527784347534e-01
2.215911149978637695e-01
2.215911149978637695e-01
2.007565945386886597e-01
1.766956746578216553e-01
8.751803636550903320e-02
1.041153967380523682e-01
1.524075120687484741e-01
1.413300633430480957e-01
1.456618458032608032e-01
1.478036344051361084e-01
2.215911149978637695e-01
1.524617522954940796e-01
1.620973646640777588e-01
1.500344723463058472e-01
1.264956593513488770e-01
2.121549546718597412e-01
2.097863852977752686e-01
9.022969752550125122e-02
1.672617495059967041e-01
7.170306146144866943e-02
7.242078334093093872e-02
5.116413161158561707e-02
1.075814962387084961e-01
2.083080857992172241e-01
2.640734016895294189e-01
2.603510618209838867e-01
1.832890063524246216e-01
9.805679321289062500e-02
8.619026094675064087e-02
6.375024467706680298e-02
3.485484793782234192e-02
1.290792226791381836e-01
2.231318354606628418e-01
2.973225712776184082e-01
3.307472169399261475e-01
3.307472169399261475e-01
1.773602217435836792e-01
5.702601000666618347e-02
7.699383795261383057e-02
9.563609212636947632e-02
9.846998751163482666e-02
7.840629667043685913e-02
6.274510174989700317e-02
1.135440915822982788e-01
7.851736247539520264e-02
6.278660148382186890e-02
8.522412925958633423e-02
7.282478362321853638e-02
4.901060089468955994e-02
6.459442526102066040e-02
7.688309997320175171e-02
8.231247216463088989e-02
3.307472169399261475e-01
3.307472169399261475e-01
1.359214931726455688e-01
4.973058030009269714e-02
2.266530320048332214e-02
1.324777025729417801e-02
5.113929137587547302e-02
1.049764528870582581e-01
1.442781686782836914e-01
2.812810540199279785e-01
2.812810540199279785e-01
1.109678372740745544e-01
9.280467778444290161e-02
6.857611238956451416e-03
2.923467429354786873e-03
6.988371163606643677e-02
2.075173109769821167e-01
2.812810540199279785e-01
2.812810540199279785e-01
2.812810540199279785e-01
2.396896630525588989e-01
7.659574598073959351e-02
2.610121108591556549e-02
1.091204024851322174e-02
2.156205289065837860e-02
4.405247420072555542e-02
4.847160726785659790e-02
1.970932930707931519e-01
2.812810540199279785e-01
1.392002850770950317e-01
2.812810540199279785e-01
1.662909239530563354e-02
5.053844302892684937e-03
3.496583551168441772e-02
4.664486646652221680e-02
1.065224036574363708e-01
1.908700168132781982e-01
2.812810540199279785e-01
2.812810540199279785e-01
1.591801643371582031e-01
1.016993261873722076e-02
5.301774945110082626e-03
4.565338417887687683e-02
1.290663778781890869e-01
2.954350113868713379e-01
2.954350113868713379e-01
1.821106970310211182e-01
2.610287368297576904e-01
2.954350113868713379e-01
7.625573128461837769e-02
1.243785992264747620e-01
1.448430567979812622e-01
1.054292693734169006e-01
6.764420866966247559e-02
5.825496092438697815e-02
7.230136543512344360e-02
2.954350113868713379e-01
2.954350113868713379e-01
1.445211749523878098e-02
9.532696567475795746e-03
2.476672455668449402e-02
3.133667632937431335e-02
8.166752010583877563e-02
1.221232861280441284e-01
2.243680953979492188e-01
2.954350113868713379e-01
2.954350113868713379e-01
1.864825747907161713e-02
1.626915484666824341e-02
2.984341233968734741e-02
4.229605570435523987e-02
5.078602582216262817e-02
4.973033070564270020e-02
6.737846881151199341e-02
2.954350113868713379e-01
2.878956198692321777e-01
8.868540823459625244e-02
1.408656537532806396e-01
1.677003502845764160e-01
1.368011683225631714e-01
1.305838376283645630e-01
7.375129312276840210e-02
6.313244253396987915e-02
2.878956198692321777e-01
2.878956198692321777e-01
8.513071388006210327e-02
7.457330822944641113e-02
1.213999465107917786e-01
2.439876943826675415e-01
2.878956198692321777e-01
1.312763094902038574e-01
1.253831684589385986e-01
2.878956198692321777e-01
2.878956198692321777e-01
2.781444787979125977e-02
1.534044649451971054e-02
3.248887881636619568e-02
4.320231080055236816e-02
4.921544343233108521e-02
3.089452162384986877e-02
4.971473291516304016e-02
2.878956198692321777e-01
2.878956198692321777e-01
7.828335464000701904e-02
3.956111893057823181e-02
4.999835789203643799e-02
6.157472729682922363e-02
6.411435455083847046e-02
2.444803901016712189e-02
4.052007570862770081e-02
2.878956198692321777e-01
2.630738914012908936e-01
1.060342788696289062e-01
4.987159743905067444e-02
9.623615443706512451e-02
2.068399488925933838e-01
2.562177777290344238e-01
1.245897859334945679e-01
1.377884000539779663e-01
2.630738914012908936e-01
2.630738914012908936e-01
2.422373592853546143e-01
2.398911714553833008e-01
1.976680010557174683e-01
1.288359016180038452e-01
1.641541272401809692e-01
6.813475489616394043e-02
1.239695847034454346e-01
2.001827359199523926e-01
2.630738914012908936e-01
1.086373329162597656e-01
5.025646090507507324e-02
4.882165044546127319e-02
5.575374141335487366e-02
5.406836420297622681e-02
2.223113738000392914e-02
3.070566058158874512e-02
2.630738914012908936e-01
2.630738914012908936e-01
1.568590253591537476e-01
1.704607158899307251e-01
6.616856902837753296e-02
1.925497315824031830e-02
2.856786362826824188e-02
5.218447372317314148e-02
5.452110990881919861e-02
2.610787749290466309e-01
2.497514486312866211e-01
2.497514486312866211e-01
2.497514486312866211e-01
2.390284389257431030e-01
1.813348233699798584e-01
1.650569736957550049e-01
5.330990254878997803e-02
1.245465129613876343e-01
2.086975276470184326e-01
2.497514486312866211e-01
2.497514486312866211e-01
2.497514486312866211e-01
1.169265359640121460e-01
1.561917662620544434e-01
8.684673905372619629e-02
4.991127178072929382e-02
8.371452242136001587e-02
2.497514486312866211e-01
2.497514486312866211e-01
1.759963929653167725e-01
1.802831888198852539e-01
7.023559510707855225e-02
1.664377748966217041e-02
2.443301863968372345e-02
5.628930032253265381e-02
6.466168165206909180e-02
1.889494359493255615e-01
2.497514486312866211e-01
1.904705464839935303e-01
7.568813115358352661e-02
3.354268893599510193e-02
3.817154839634895325e-02
4.573410004377365112e-02
5.713269859552383423e-02
6.268148869276046753e-02
1.887689232826232910e-01
2.597832381725311279e-01
2.597832381725311279e-01
2.597832381725311279e-01
1.213429719209671021e-01
1.162727400660514832e-01
5.023792013525962830e-02
3.496124967932701111e-02
5.239227414131164551e-02
2.597832381725311279e-01
2.218906432390213013e-01
2.597832381725311279e-01
2.597832381725311279e-01
1.181710064411163330e-01
8.508469164371490479e-02
6.009254604578018188e-02
5.077571049332618713e-02
6.552936881780624390e-02
2.586072981357574463e-01
2.453982084989547729e-01
1.732323914766311646e-01
7.268793135881423950e-02
3.789545223116874695e-02
4.448688775300979614e-02
5.933755636215209961e-02
6.212858483195304871e-02
6.609209626913070679e-02
2.469573169946670532e-01
1.779961884021759033e-01
9.195441007614135742e-02
5.867475271224975586e-02
5.615067481994628906e-02
2.932729758322238922e-02
1.673717945814132690e-01
2.561552226543426514e-01
1.719575673341751099e-01
2.597832381725311279e-01
2.342340052127838135e-01
2.342340052127838135e-01
2.342340052127838135e-01
1.029850617051124573e-01
8.368723839521408081e-02
7.696168124675750732e-02
6.028382107615470886e-02
7.614292949438095093e-02
2.342340052127838135e-01
2.151807248592376709e-01
2.342340052127838135e-01
2.044630795717239380e-01
1.276877671480178833e-01
1.077084839344024658e-01
8.857057988643646240e-02
4.168213158845901489e-02
1.170158833265304565e-01
1.869159936904907227e-01
2.045089602470397949e-01
1.300990134477615356e-01
6.521761417388916016e-02
5.786085501313209534e-02
2.974025346338748932e-02
2.232214510440826416e-01
2.342340052127838135e-01
2.342340052127838135e-01
2.342340052127838135e-01
1.845575571060180664e-01
1.871608346700668335e-01
1.214027479290962219e-01
5.075114965438842773e-02
4.315199330449104309e-02
1.104988828301429749e-01
2.342340052127838135e-01
1.780397146940231323e-01
2.178085297346115112e-01
2.048200517892837524e-01
2.688622772693634033e-01
3.080018162727355957e-01
2.123940140008926392e-01
1.482788175344467163e-01
9.508127719163894653e-02
4.138540849089622498e-02
1.589360386133193970e-01
2.529207766056060791e-01
2.556808292865753174e-01
3.080018162727355957e-01
3.080018162727355957e-01
1.763956248760223389e-01
8.228590339422225952e-02
4.517233744263648987e-02
3.796292468905448914e-02
1.164680421352386475e-01
3.080018162727355957e-01
1.554743498563766479e-01
1.734377443790435791e-01
1.699586510658264160e-01
5.346659570932388306e-02
5.586426332592964172e-02
5.499737709760665894e-02
1.067160293459892273e-01
1.275356709957122803e-01
2.114344984292984009e-01
8.635105937719345093e-02
8.130801469087600708e-02
1.364645659923553467e-01
4.588550329208374023e-02
3.977438062429428101e-02
3.106504492461681366e-02
3.024208359420299530e-02
4.105428978800773621e-02
1.067403033375740051e-01
3.500338792800903320e-01
4.036369025707244873e-01
4.036369025707244873e-01
1.341605782508850098e-01
7.350294291973114014e-02
4.661594703793525696e-02
6.007264181971549988e-02
7.783693075180053711e-02
4.036369025707244873e-01
8.612760901451110840e-02
3.244747817516326904e-01
3.579435348510742188e-01
3.801912441849708557e-02
2.989921346306800842e-02
3.270112350583076477e-02
6.795123219490051270e-02
6.509091705083847046e-02
1.262193173170089722e-01
8.712377399206161499e-02
7.489842921495437622e-02
1.299379169940948486e-01
5.431670695543289185e-02
5.586099252104759216e-02
5.009579658508300781e-02
5.098770186305046082e-02
3.863083198666572571e-02
1.099936366081237793e-01
6.765233725309371948e-02
5.313719063997268677e-02
3.951904550194740295e-02
3.832491859793663025e-02
5.560509115457534790e-02
4.668926820158958435e-02
3.856800124049186707e-02
6.241734325885772705e-02
6.687668710947036743e-02
2.162675261497497559e-01
2.302442044019699097e-01
2.302442044019699097e-01
1.331182569265365601e-01
1.074564307928085327e-01
1.043357551097869873e-01
2.083057314157485962e-01
1.812540441751480103e-01
2.302442044019699097e-01
1.407269686460494995e-01
1.589090973138809204e-01
1.970738172531127930e-01
1.553693711757659912e-01
1.830135136842727661e-01
1.007043942809104919e-01
1.126970797777175903e-01
9.162088483572006226e-02
1.523135006427764893e-01
2.302442044019699097e-01
1.531504839658737183e-01
1.478714942932128906e-01
1.061324998736381531e-01
1.937745660543441772e-01
1.598541885614395142e-01
1.388575732707977295e-01
2.033674120903015137e-01
2.302442044019699097e-01
1.488938480615615845e-01
1.339875608682632446e-01
2.047857046127319336e-01
8.464586734771728516e-02
1.798472404479980469e-01
1.438652426004409790e-01
1.490882486104965210e-01
9.384205937385559082e-02
1.409862190485000610e-01
1.446238756179809570e-01
2.014120221138000488e-01
2.125435322523117065e-01
1.522323340177536011e-01
2.071068286895751953e-01
1.091292276978492737e-01
1.046013608574867249e-01
9.870252758264541626e-02
1.171727702021598816e-01
1.442954689264297485e-01
1.739723384380340576e-01
2.159649580717086792e-01
1.023097559809684753e-01
2.159649580717086792e-01
1.426441222429275513e-01
1.313368082046508789e-01
1.272873133420944214e-01
2.159649580717086792e-01
1.377774775028228760e-01
2.018662691116333008e-01
2.152476012706756592e-01
9.349839389324188232e-02
1.941978186368942261e-01
1.303819864988327026e-01
1.491692215204238892e-01
1.034464165568351746e-01
1.483890265226364136e-01
1.411494761705398560e-01
2.106327563524246216e-01
1.912606507539749146e-01
1.082652807235717773e-01
2.159649580717086792e-01
1.455319970846176147e-01
2.159649580717086792e-01
1.591654419898986816e-01
2.159649580717086792e-01
1.355068981647491455e-01
1.435651332139968872e-01
1.979131400585174561e-01
8.806983381509780884e-02
2.129909843206405640e-01
1.672886908054351807e-01
1.428296416997909546e-01
1.033499687910079956e-01
2.053367346525192261e-01
1.389754563570022583e-01
1.338230371475219727e-01
1.362958103418350220e-01
1.607110053300857544e-01
2.069653421640396118e-01
2.129909843206405640e-01
2.129909843206405640e-01
1.320795267820358276e-01
1.663249731063842773e-01
1.418231427669525146e-01
1.566199511289596558e-01
1.624415367841720581e-01
9.423641860485076904e-02
2.129909843206405640e-01
1.384790837764739990e-01
2.129909843206405640e-01
1.976570188999176025e-01
2.129909843206405640e-01
1.348918080329895020e-01
1.023095548152923584e-01
1.462446004152297974e-01
1.502045392990112305e-01
1.808196902275085449e-01
1.681769788265228271e-01
1.740768551826477051e-01
1.992413997650146484e-01
1.650239229202270508e-01
1.551920324563980103e-01
1.792158931493759155e-01
1.496887356042861938e-01
1.502770334482192993e-01
1.858143657445907593e-01
1.836560219526290894e-01
1.841832548379898071e-01
1.216928660869598389e-01
1.026398167014122009e-01
2.128415107727050781e-01
2.128415107727050781e-01
1.926120519638061523e-01
8.270861208438873291e-02
1.592681705951690674e-01
1.795239299535751343e-01
1.441533416509628296e-01
1.711313128471374512e-01
1.536674052476882935e-01
1.202855557203292847e-01
1.355471909046173096e-01
1.501705050468444824e-01
1.727611422538757324e-01
1.945057958364486694e-01
1.441584676504135132e-01
1.454278230667114258e-01
1.382131427526473999e-01
1.326351165771484375e-01
1.476326733827590942e-01
2.128415107727050781e-01
1.800511032342910767e-01
1.702601909637451172e-01
2.128415107727050781e-01
2.066110968589782715e-01
1.341260224580764771e-01
1.818824261426925659e-01
1.845956593751907349e-01
1.842374056577682495e-01
2.174819856882095337e-01
1.506517231464385986e-01
6.189473718404769897e-02
1.094856634736061096e-01
1.589166820049285889e-01
1.429657638072967529e-01
1.685355603694915771e-01
1.376764029264450073e-01
1.843281090259552002e-01
2.176004648208618164e-01
1.428022831678390503e-01
1.167137175798416138e-01
9.614764899015426636e-02
1.954978108406066895e-01
2.176004648208618164e-01
1.200242266058921814e-01
1.400398313999176025e-01
1.252523660659790039e-01
2.176004648208618164e-01
1.670674383640289307e-01
1.170255914330482483e-01
1.920778006315231323e-01
1.412370055913925171e-01
1.120000556111335754e-01
2.085616886615753174e-01
1.680865138769149780e-01
2.011829316616058350e-01
2.176004648208618164e-01
1.941432803869247437e-01
1.168871149420738220e-01
1.609412133693695068e-01
7.052956521511077881e-02
2.125225514173507690e-01
2.152544409036636353e-01
1.830509603023529053e-01
1.336008757352828979e-01
1.400455981492996216e-01
2.054653465747833252e-01
2.189866006374359131e-01
1.645246744155883789e-01
1.030547544360160828e-01
1.591214835643768311e-01
8.463829010725021362e-02
1.133189052343368530e-01
1.111602634191513062e-01
8.576521277427673340e-02
1.004498898983001709e-01
1.333999931812286377e-01
1.469708383083343506e-01
1.657785624265670776e-01
2.147935181856155396e-01
2.201247066259384155e-01
1.584985405206680298e-01
2.201247066259384155e-01
1.710049211978912354e-01
2.201247066259384155e-01
2.201247066259384155e-01
2.201247066259384155e-01
1.255188733339309692e-01
1.010420545935630798e-01
1.049054488539695740e-01
2.087290883064270020e-01
1.488113254308700562e-01
1.153085082769393921e-01
2.201247066259384155e-01
2.029084712266921997e-01
2.201247066259384155e-01
1.327912360429763794e-01
2.003649473190307617e-01
1.488350033760070801e-01
1.170731559395790100e-01
1.738389432430267334e-01
4.621570929884910583e-02
3.663387149572372437e-02
6.922452896833419800e-02
1.206737607717514038e-01
1.336866766214370728e-01
1.921737939119338989e-01
3.322421610355377197e-01
2.655309736728668213e-01
3.322421610355377197e-01
6.010003387928009033e-02
2.129353210330009460e-02
9.293393790721893311e-02
1.152345538139343262e-01
1.169025376439094543e-01
1.877131313085556030e-01
3.322421610355377197e-01
3.322421610355377197e-01
1.318227350711822510e-01
1.110093519091606140e-01
1.454817801713943481e-01
1.252813935279846191e-01
1.569961309432983398e-01
9.505770355463027954e-02
1.381269544363021851e-01
1.281663477420806885e-01
9.051539748907089233e-02
1.547457575798034668e-01
1.173009052872657776e-01
8.782519400119781494e-02
6.397342681884765625e-02
1.260400414466857910e-01
1.384836435317993164e-01
1.506139487028121948e-01
1.771122962236404419e-01
1.390098631381988525e-01
4.083399772644042969e-01
4.491158947348594666e-02
2.254998683929443359e-02
5.772451683878898621e-02
7.668260484933853149e-02
8.749755471944808960e-02
9.176349639892578125e-02
3.532800972461700439e-01
4.083399772644042969e-01
4.083399772644042969e-01
4.275073111057281494e-02
3.514268994331359863e-02
4.238953813910484314e-02
9.873491525650024414e-02
1.092448085546493530e-01
9.424629062414169312e-02
1.098553240299224854e-01
4.083399772644042969e-01
8.865254372358322144e-02
6.315113604068756104e-02
4.948777705430984497e-02
4.012900590896606445e-02
8.492439985275268555e-02
9.768839925527572632e-02
1.072831675410270691e-01
1.141240894794464111e-01
9.794220328330993652e-02
6.432250887155532837e-02
7.082869857549667358e-02
4.326792061328887939e-02
7.604534178972244263e-02
1.277888268232345581e-01
9.848975390195846558e-02
9.367338567972183228e-02
6.590334326028823853e-02
7.806912064552307129e-02
4.354099333286285400e-01
5.887568742036819458e-02
3.228706493973731995e-02
3.817828372120857239e-02
8.281090855598449707e-02
7.366608083248138428e-02
8.118187636137008667e-02
1.042243316769599915e-01
4.354099333286285400e-01
4.354099333286285400e-01
1.508226543664932251e-01
8.771906793117523193e-02
6.804817169904708862e-02
5.508196726441383362e-02
6.126743927597999573e-02
7.167442888021469116e-02
9.407368302345275879e-02
4.354099333286285400e-01
6.348182260990142822e-02
6.718651950359344482e-02
4.662369564175605774e-02
6.881827861070632935e-02
1.330057084560394287e-01
8.017750084400177002e-02
7.716394960880279541e-02
6.338175386190414429e-02
7.392321527004241943e-02
7.851665467023849487e-02
5.968600511550903320e-02
6.680685281753540039e-02
8.743821829557418823e-02
1.181840598583221436e-01
7.555302232503890991e-02
1.098452061414718628e-01
1.200717389583587646e-01
1.508926004171371460e-01
3.524945676326751709e-01
1.862725019454956055e-01
1.135978773236274719e-01
8.374951779842376709e-02
6.252755969762802124e-02
7.149408012628555298e-02
6.959848850965499878e-02
7.185402512550354004e-02
3.524945676326751709e-01
3.524945676326751709e-01
2.080047577619552612e-01
3.524945676326751709e-01
1.384625881910324097e-01
5.328780785202980042e-02
6.515742093324661255e-02
1.359615921974182129e-01
1.062241569161415100e-01
3.524945676326751709e-01
8.100412786006927490e-02
6.795591115951538086e-02
7.371369749307632446e-02
9.422241151332855225e-02
1.273277401924133301e-01
8.822957426309585571e-02
1.050686016678810120e-01
1.138955876231193542e-01
1.622183620929718018e-01
9.761615097522735596e-02
9.057022631168365479e-02
8.658904582262039185e-02
8.943198621273040771e-02
1.377086788415908813e-01
1.239929348230361938e-01
8.015264570713043213e-02
1.084678396582603455e-01
1.292680948972702026e-01
2.490687370300292969e-01
2.255786657333374023e-01
2.490687370300292969e-01
1.603294461965560913e-01
5.081254243850708008e-02
6.707851588726043701e-02
1.656208187341690063e-01
1.395485550165176392e-01
2.490687370300292969e-01
2.490687370300292969e-01
1.675876230001449585e-01
1.062690764665603638e-01
7.771170884370803833e-02
9.822431951761245728e-02
1.391579657793045044e-01
1.883904933929443359e-01
1.538152992725372314e-01
2.490687370300292969e-01
1.245214194059371948e-01
1.339129656553268433e-01
1.472719311714172363e-01
1.038517057895660400e-01
1.371307522058486938e-01
1.443966627120971680e-01
1.050656661391258240e-01
1.241994872689247131e-01
1.539362967014312744e-01
2.178328186273574829e-01
2.129610925912857056e-01
1.769675612449645996e-01
2.119572162628173828e-01
1.601052731275558472e-01
1.111075282096862793e-01
1.298763304948806763e-01
1.165273636579513550e-01
1.731378734111785889e-01
2.319235950708389282e-01
1.307169944047927856e-01
6.580790877342224121e-02
7.749333977699279785e-02
1.000779643654823303e-01
1.464828550815582275e-01
1.853299736976623535e-01
1.390035301446914673e-01
2.456636428833007812e-01
2.456636428833007812e-01
1.643733382225036621e-01
8.368496596813201904e-02
1.388124972581863403e-01
1.022251620888710022e-01
2.456636428833007812e-01
2.456636428833007812e-01
2.456636428833007812e-01
2.456636428833007812e-01
2.096769064664840698e-01
1.876409053802490234e-01
1.296674162149429321e-01
1.698223054409027100e-01
1.540327817201614380e-01
9.440548717975616455e-02
1.412405967712402344e-01
7.874340564012527466e-02
1.257807463407516479e-01
2.100202739238739014e-01
2.125414758920669556e-01
6.694578379392623901e-02
1.145245134830474854e-01
1.743049621582031250e-01
1.689610630273818970e-01
1.654847413301467896e-01
8.006283640861511230e-02
7.941264659166336060e-02
1.957374662160873413e-01
1.314900070428848267e-01
5.869194865226745605e-02
7.937546074390411377e-02
6.717390567064285278e-02
2.756782472133636475e-01
2.756782472133636475e-01
2.756782472133636475e-01
2.127696424722671509e-01
1.636366993188858032e-01
1.356235146522521973e-01
6.859047710895538330e-02
5.390771850943565369e-02
7.404992729425430298e-02
1.834408938884735107e-01
2.756782472133636475e-01
2.756782472133636475e-01
2.241035997867584229e-01
1.334064602851867676e-01
1.260412633419036865e-01
3.808306157588958740e-02
7.845130562782287598e-02
1.321664303541183472e-01
1.421874165534973145e-01
1.587970852851867676e-01
8.950067311525344849e-02
7.034858316183090210e-02
6.809175759553909302e-02
7.007946074008941650e-02
5.098926275968551636e-02
7.615131884813308716e-02
1.118879094719886780e-01
2.120920419692993164e-01
2.756782472133636475e-01
2.756782472133636475e-01
1.240503713488578796e-01
1.497715860605239868e-01
1.483228802680969238e-01
1.063873767852783203e-01
6.929868459701538086e-02
1.089403629302978516e-01
1.256929636001586914e-01
3.255607187747955322e-01
2.861700057983398438e-01
2.531488835811614990e-01
8.484908193349838257e-02
7.643509656190872192e-02
7.478918880224227905e-02
6.145025044679641724e-02
6.934282183647155762e-02
5.674643814563751221e-02
5.655190348625183105e-02
4.940794780850410461e-02
7.071072608232498169e-02
5.427671968936920166e-02
7.115789502859115601e-02
6.983487308025360107e-02
8.120352774858474731e-02
1.296993941068649292e-01
3.255607187747955322e-01
3.255607187747955322e-01
3.255607187747955322e-01
1.587480306625366211e-01
4.105779528617858887e-02
4.669735208153724670e-02
4.096634685993194580e-02
2.581607177853584290e-02
5.585025250911712646e-02
2.381241917610168457e-01
3.255607187747955322e-01
2.401423752307891846e-01
7.948637008666992188e-02
1.937691420316696167e-01
1.622067391872406006e-01
1.302001327276229858e-01
1.521215736865997314e-01
1.734386384487152100e-01
1.487660109996795654e-01
1.260171979665756226e-01
9.261035174131393433e-02
1.200840100646018982e-01
2.344861179590225220e-01
1.751169562339782715e-01
1.040073037147521973e-01
1.003213301301002502e-01
1.673091948032379150e-01
1.430215686559677124e-01
9.236013144254684448e-02
1.371215432882308960e-01
1.780716478824615479e-01
1.571499705314636230e-01
1.409540325403213501e-01
1.082075312733650208e-01
7.525672018527984619e-02
1.389819085597991943e-01
2.514569759368896484e-01
2.514569759368896484e-01
2.514569759368896484e-01
1.818624138832092285e-01
2.514569759368896484e-01
2.514569759368896484e-01
2.514569759368896484e-01
1.124859973788261414e-01
1.105896979570388794e-01
9.465108066797256470e-02
1.195244044065475464e-01
1.170406937599182129e-01
1.813526153564453125e-01
2.410740703344345093e-01
1.558564752340316772e-01
1.040019467473030090e-01
7.872027903795242310e-02
1.690887808799743652e-01
1.468424648046493530e-01
1.039173975586891174e-01
1.322840452194213867e-01
1.897043287754058838e-01
1.517698019742965698e-01
1.382510215044021606e-01
1.414883583784103394e-01
5.943331494927406311e-02
1.431758701801300049e-01
1.077756360173225403e-01
1.125097945332527161e-01
6.296122074127197266e-02
1.178471744060516357e-01
2.410740703344345093e-01
2.410740703344345093e-01
2.410740703344345093e-01
1.461613625288009644e-01
1.257073283195495605e-01
9.858076274394989014e-02
1.353392750024795532e-01
9.664675593376159668e-02
1.782716661691665649e-01
2.410740703344345093e-01
2.410740703344345093e-01
2.285452187061309814e-01
2.410740703344345093e-01
2.410740703344345093e-01
2.410740703344345093e-01
1.202842816710472107e-01
3.505275025963783264e-02
1.273605823516845703e-01
1.043013930320739746e-01
1.305042803287506104e-01
1.138403266668319702e-01
4.995608329772949219e-02
1.034774482250213623e-01
5.333811417222023010e-02
8.044644445180892944e-02
5.359617620706558228e-02
8.946301043033599854e-02
1.378881037235260010e-01
1.522105783224105835e-01
1.199149787425994873e-01
5.476458370685577393e-02
1.302903890609741211e-01
6.678393483161926270e-02
1.204414963722229004e-01
1.008041799068450928e-01
1.587265282869338989e-01
2.707230746746063232e-01
2.707230746746063232e-01
2.606152594089508057e-01
1.826765090227127075e-01
2.296492457389831543e-01
1.932770907878875732e-01
7.220571488142013550e-02
5.282920971512794495e-02
1.158691793680191040e-01
2.707230746746063232e-01
2.707230746746063232e-01
2.707230746746063232e-01
1.860408931970596313e-01
1.868927180767059326e-01
1.148033961653709412e-01
1.132160946726799011e-01
2.099327445030212402e-01
2.707230746746063232e-01
1.329684853553771973e-01
1.008100137114524841e-01
8.027252554893493652e-02
3.620065003633499146e-02
7.823518663644790649e-02
5.357910692691802979e-02
9.312228113412857056e-02
1.102536544203758240e-01
1.385616213083267212e-01
2.196358889341354370e-01
8.601613342761993408e-02
6.761517375707626343e-02
5.314970761537551880e-02
5.451947450637817383e-02
6.303553283214569092e-02
8.167358487844467163e-02
1.107637137174606323e-01
1.795176565647125244e-01
3.067448735237121582e-01
3.067448735237121582e-01
2.756921648979187012e-01
1.284995973110198975e-01
1.274264305830001831e-01
5.501082912087440491e-02
8.533494919538497925e-02
1.831152290105819702e-01
3.067448735237121582e-01
3.067448735237121582e-01
3.067448735237121582e-01
1.674717068672180176e-01
1.365767419338226318e-01
3.524153679609298706e-02
1.569224335253238678e-02
4.266605526208877563e-02
1.549635082483291626e-01
3.067448735237121582e-01
1.759934276342391968e-01
7.474517077207565308e-02
5.556228756904602051e-02
5.691207572817802429e-02
5.551110208034515381e-02
4.416643455624580383e-02
5.749330669641494751e-02
7.441279292106628418e-02
1.589784473180770874e-01
1.935704350471496582e-01
9.731180965900421143e-02
6.399777531623840332e-02
7.378279417753219604e-02
8.836192637681961060e-02
7.044962048530578613e-02
5.580608174204826355e-02
8.476734906435012817e-02
2.158811688423156738e-01
3.845030069351196289e-01
2.532631456851959229e-01
1.047076508402824402e-01
1.041702777147293091e-01
2.131803520023822784e-02
1.071097329258918762e-02
3.335179388523101807e-02
1.589128375053405762e-01
3.845030069351196289e-01
3.845030069351196289e-01
1.201551631093025208e-01
5.305568501353263855e-02
3.884620591998100281e-02
3.419134393334388733e-02
4.672809317708015442e-02
1.505296677350997925e-01
1.973152905702590942e-01
3.845030069351196289e-01
1.125912144780158997e-01
6.430274248123168945e-02
4.201680421829223633e-02
3.545816615223884583e-02
5.037609115242958069e-02
3.421023115515708923e-02
3.097651153802871704e-02
5.967188999056816101e-02
1.304634958505630493e-01
1.743303090333938599e-01
9.562925249338150024e-02
4.716547206044197083e-02
2.983682788908481598e-02
4.577259719371795654e-02
1.140172127634286880e-02
6.029411032795906067e-02
6.027826666831970215e-02
1.446491628885269165e-01
4.083392322063446045e-01
6.693410873413085938e-02
2.996433153748512268e-02
4.741257056593894958e-02
2.338259667158126831e-02
3.125860542058944702e-02
8.175957202911376953e-02
1.089905947446823120e-01
4.083392322063446045e-01
4.083392322063446045e-01
9.584129601716995239e-02
1.592329517006874084e-02
3.997938334941864014e-01
8.191942423582077026e-02
1.466216612607240677e-02
2.939463593065738678e-02
7.764104008674621582e-02
4.083392322063446045e-01
2.122173160314559937e-01
1.412299871444702148e-01
2.162003964185714722e-01
2.132808864116668701e-01
2.032468467950820923e-01
1.269003599882125854e-01
1.111558973789215088e-01
1.108811274170875549e-01
1.728301197290420532e-01
1.553684920072555542e-01
1.394544690847396851e-01
2.162003964185714722e-01
1.828567981719970703e-01
1.850595325231552124e-01
1.060952246189117432e-01
2.005251049995422363e-01
1.409598141908645630e-01
1.268271356821060181e-01
1.329150944948196411e-01
1.150208339095115662e-01
1.466728299856185913e-01
8.358415216207504272e-02
1.471382975578308105e-01
2.162003964185714722e-01
1.943209171295166016e-01
1.718555241823196411e-01
1.182436347007751465e-01
1.444964855909347534e-01
1.313851177692413330e-01
1.748589277267456055e-01
1.269917488098144531e-01
1.518241167068481445e-01
1.614656597375869751e-01
2.162003964185714722e-01
2.162003964185714722e-01
2.162003964185714722e-01
1.874582022428512573e-01
1.857121735811233521e-01
2.124083042144775391e-01
1.698356121778488159e-01
1.902566850185394287e-01
9.793644398450851440e-02
1.739336997270584106e-01
1.532678455114364624e-01
1.364203095436096191e-01
1.744598001241683960e-01
1.495673507452011108e-01
1.143101528286933899e-01
1.027783378958702087e-01
1.700536757707595825e-01
1.815759688615798950e-01
1.574727743864059448e-01
2.106108069419860840e-01
1.607045531272888184e-01
1.733487844467163086e-01
1.522294282913208008e-01
1.751365661621093750e-01
1.353712379932403564e-01
1.829673200845718384e-01
1.478527039289474487e-01
2.124083042144775391e-01
2.124083042144775391e-01
2.124083042144775391e-01
1.242230162024497986e-01
1.331330388784408569e-01
1.171713247895240784e-01
1.162310466170310974e-01
2.124083042144775391e-01
1.732096076011657715e-01
1.734419614076614380e-01
1.339620798826217651e-01
1.624333709478378296e-01
1.520914733409881592e-01
1.149544194340705872e-01
1.037056297063827515e-01
1.065296903252601624e-01
1.745413392782211304e-01
2.019364386796951294e-01
1.975998133420944214e-01
2.136131525039672852e-01
1.778398454189300537e-01
1.204890385270118713e-01
1.296772360801696777e-01
9.438578039407730103e-02
1.544440835714340210e-01
2.136131525039672852e-01
1.882104277610778809e-01
1.782644838094711304e-01
1.658484786748886108e-01
1.542202085256576538e-01
1.043100804090499878e-01
1.065303757786750793e-01
1.051706299185752869e-01
1.065549775958061218e-01
2.136131525039672852e-01
2.107042521238327026e-01
2.136131525039672852e-01
1.766322106122970581e-01
1.860655248165130615e-01
1.240886673331260681e-01
1.672875434160232544e-01
7.314719259738922119e-02
1.254326999187469482e-01
2.136131525039672852e-01
2.136131525039672852e-01
2.136131525039672852e-01
1.937704086303710938e-01
1.965329051017761230e-01
1.083590239286422729e-01
1.151478886604309082e-01
9.413354843854904175e-02
1.305642277002334595e-01
2.134943753480911255e-01
1.430363953113555908e-01
1.344279199838638306e-01
1.405514776706695557e-01
1.285546422004699707e-01
1.272535920143127441e-01
1.172503903508186340e-01
1.267427206039428711e-01
1.799184381961822510e-01
2.134943753480911255e-01
1.099421307444572449e-01
1.920520514249801636e-01
1.974714696407318115e-01
2.134943753480911255e-01
1.063028424978256226e-01
1.825338453054428101e-01
1.385686546564102173e-01
1.220173314213752747e-01
2.134943753480911255e-01
1.989604085683822632e-01
1.883063465356826782e-01
1.670162975788116455e-01
1.524672508239746094e-01
1.355227082967758179e-01
1.901325285434722900e-01
2.110481411218643188e-01
1.698390096426010132e-01
2.134943753480911255e-01
1.499323993921279907e-01
2.134943753480911255e-01
1.773938685655593872e-01
2.134943753480911255e-01
1.175400540232658386e-01
1.153271347284317017e-01
1.193938106298446655e-01
1.601611375808715820e-01
2.026243507862091064e-01
1.172368675470352173e-01
1.552999317646026611e-01
1.649564653635025024e-01
2.081563770771026611e-01
1.598162949085235596e-01
1.458681672811508179e-01
1.309723407030105591e-01
1.546069085597991943e-01
2.016199678182601929e-01
1.964147984981536865e-01
1.218495815992355347e-01
1.671410948038101196e-01
2.009184658527374268e-01
1.381790637969970703e-01
1.594583392143249512e-01
1.671050339937210083e-01
1.372145265340805054e-01
2.081563770771026611e-01
1.799198389053344727e-01
2.081563770771026611e-01
1.434686928987503052e-01
2.081563770771026611e-01
1.493372172117233276e-01
1.034202724695205688e-01
8.719097077846527100e-02
1.296843290328979492e-01
2.081563770771026611e-01
2.081563770771026611e-01
1.898983567953109741e-01
1.830326169729232788e-01
2.081563770771026611e-01
1.630485951900482178e-01
1.886798590421676636e-01
1.730046272277832031e-01
1.403185576200485229e-01
1.605225652456283569e-01
1.837883144617080688e-01
1.447130590677261353e-01
1.507183313369750977e-01
1.841236501932144165e-01
2.141597568988800049e-01
2.141597568988800049e-01
2.141597568988800049e-01
2.141597568988800049e-01
2.020524889230728149e-01
1.096207797527313232e-01
1.608586758375167847e-01
1.241830587387084961e-01
1.929385215044021606e-01
1.325405538082122803e-01
1.122284457087516785e-01
6.906875967979431152e-02
1.195528209209442139e-01
1.866188645362854004e-01
1.947092562913894653e-01
1.639532595872879028e-01
1.708834171295166016e-01
2.038906961679458618e-01
1.657417416572570801e-01
2.067715227603912354e-01
5.678393691778182983e-02
1.365934610366821289e-01
1.544244438409805298e-01
1.256198883056640625e-01
1.768286228179931641e-01
1.277422159910202026e-01
1.875901967287063599e-01
2.209031134843826294e-01
2.209031134843826294e-01
1.820212155580520630e-01
2.209031134843826294e-01
2.183405011892318726e-01
9.830177575349807739e-02
1.727556288242340088e-01
9.023886173963546753e-02
1.660251319408416748e-01
2.209031134843826294e-01
2.209031134843826294e-01
8.721236884593963623e-02
1.461196541786193848e-01
2.209031134843826294e-01
1.612304002046585083e-01
1.824946254491806030e-01
1.026627719402313232e-01
1.169389411807060242e-01
1.879950016736984253e-01
2.009636908769607544e-01
6.756609678268432617e-02
1.347271651029586792e-01
1.592715233564376831e-01
1.125803962349891663e-01
1.594000160694122314e-01
9.707319736480712891e-02
1.539887785911560059e-01
2.209031134843826294e-01
1.599516719579696655e-01
1.162941306829452515e-01
9.337209910154342651e-02
1.915098577737808228e-01
1.448043584823608398e-01
1.983002424240112305e-01
1.305688172578811646e-01
1.756154745817184448e-01
2.004794180393218994e-01
2.184281200170516968e-01
6.577064841985702515e-02
1.230284422636032104e-01
2.063072025775909424e-01
1.545991897583007812e-01
1.473000049591064453e-01
1.167885214090347290e-01
1.158042550086975098e-01
9.509519487619400024e-02
1.103751286864280701e-01
7.638699561357498169e-02
1.145465597510337830e-01
1.536529809236526489e-01
3.028933703899383545e-01
3.028933703899383545e-01
3.028933703899383545e-01
1.580085903406143188e-01
1.877458542585372925e-01
1.368802040815353394e-01
9.652490168809890747e-02
8.231956511735916138e-02
1.607550084590911865e-01
1.111221164464950562e-01
1.715971380472183228e-01
1.334507316350936890e-01
1.335176974534988403e-01
1.338803321123123169e-01
1.550672203302383423e-01
8.054640889167785645e-02
1.058914512395858765e-01
2.064936310052871704e-01
1.490697562694549561e-01
2.733327746391296387e-01
1.774274855852127075e-01
7.958372682332992554e-02
3.527493774890899658e-02
3.818039223551750183e-02
3.576495125889778137e-02
5.075266584753990173e-02
7.452410459518432617e-02
2.623910307884216309e-01
3.042581975460052490e-01
3.042581975460052490e-01
9.054278582334518433e-02
2.978342212736606598e-02
2.925234101712703705e-02
1.771768182516098022e-02
2.107915282249450684e-02
4.169888049364089966e-02
2.267144173383712769e-01
3.042581975460052490e-01
3.042581975460052490e-01
1.228279471397399902e-01
7.436984032392501831e-02
6.993402540683746338e-02
4.110567271709442139e-02
6.367650628089904785e-02
1.320543438196182251e-01
1.191291436553001404e-01
2.439257502555847168e-01
1.543028801679611206e-01
6.128589063882827759e-02
1.009640768170356750e-01
5.241088196635246277e-02
4.488537460565567017e-02
3.394256159663200378e-02
1.288102567195892334e-01
1.466413736343383789e-01
3.042581975460052490e-01
3.042581975460052490e-01
3.042581975460052490e-01
4.448709264397621155e-02
3.899255394935607910e-02
2.596337720751762390e-02
1.728767156600952148e-02
4.132413119077682495e-02
1.440846920013427734e-01
3.139217793941497803e-01
2.699318528175354004e-01
1.432002633810043335e-01
8.410625159740447998e-02
8.393964171409606934e-02
7.916769385337829590e-02
3.017122112214565277e-02
3.132030740380287170e-02
2.869140170514583588e-02
4.883522540330886841e-02
6.447232514619827271e-02
1.209208518266677856e-01
1.329783350229263306e-01
8.529493957757949829e-02
4.855426773428916931e-02
1.511613558977842331e-02
1.051988303661346436e-01
1.156537830829620361e-01
3.139217793941497803e-01
3.139217793941497803e-01
3.139217793941497803e-01
2.544025182723999023e-01
2.228564172983169556e-01
6.651477515697479248e-02
2.753807231783866882e-02
1.628148853778839111e-01
1.112968549132347107e-01
1.748024374246597290e-01
3.139217793941497803e-01
3.139217793941497803e-01
9.365041553974151611e-02
8.849548548460006714e-02
8.610181510448455811e-02
4.343561828136444092e-02
3.075444698333740234e-02
2.308864332735538483e-02
3.542707115411758423e-02
3.214966878294944763e-02
8.295259624719619751e-02
1.085416376590728760e-01
1.437422484159469604e-01
1.318599879741668701e-01
1.113743185997009277e-01
8.331952244043350220e-02
6.858465075492858887e-02
2.704439684748649597e-02
8.608473464846611023e-03
3.213435411453247070e-02
2.697255611419677734e-01
2.382736057043075562e-01
7.893371582031250000e-02
1.833889186382293701e-01
2.616285383701324463e-01
1.344041526317596436e-01
1.014217659831047058e-01
2.697255611419677734e-01
2.697255611419677734e-01
2.697255611419677734e-01
2.661416232585906982e-01
1.952504664659500122e-01
2.697255611419677734e-01
2.697255611419677734e-01
1.275969147682189941e-01
4.606766626238822937e-02
2.344739139080047607e-01
2.697255611419677734e-01
1.342920213937759399e-01
2.100440710783004761e-01
2.004063725471496582e-01
1.313808262348175049e-01
9.551130235195159912e-02
8.776196092367172241e-02
2.323154732584953308e-02
1.892034150660037994e-02
4.226905852556228638e-02
2.030392885208129883e-01
2.563577592372894287e-01
2.198242992162704468e-01
1.064083054661750793e-01
7.479615509510040283e-02
4.894015192985534668e-02
3.673683479428291321e-02
7.674460113048553467e-02
1.062137037515640259e-01
2.563577592372894287e-01
2.563577592372894287e-01
2.465409636497497559e-01
2.563577592372894287e-01
2.563577592372894287e-01
6.161279603838920593e-02
4.786562547087669373e-02
1.904131323099136353e-01
2.563577592372894287e-01
2.563577592372894287e-01
1.575317233800888062e-01
1.654608696699142456e-01
8.459725230932235718e-02
1.273635327816009521e-01
3.057079203426837921e-02
2.679536305367946625e-02
1.576910614967346191e-01
2.563577592372894287e-01
2.710749506950378418e-01
2.566271424293518066e-01
2.185323834419250488e-01
1.011719405651092529e-01
8.475739508867263794e-02
3.583696112036705017e-02
4.717950150370597839e-02
9.757140278816223145e-02
1.789932698011398315e-01
2.737905085086822510e-01
2.243670821189880371e-01
1.225336641073226929e-01
1.146574988961219788e-01
7.872703671455383301e-02
2.058263123035430908e-02
2.595206350088119507e-02
7.629015296697616577e-02
2.737905085086822510e-01
2.737905085086822510e-01
1.153698414564132690e-01
1.525207757949829102e-01
7.835709303617477417e-02
1.586725562810897827e-01
2.950989082455635071e-02
3.294757753610610962e-02
7.914342731237411499e-02
2.737905085086822510e-01
2.737905085086822510e-01
9.661206603050231934e-02
1.107899397611618042e-01
1.645801812410354614e-01
2.737905085086822510e-01
6.027923524379730225e-02
4.127379134297370911e-02
3.453627228736877441e-02
2.737905085086822510e-01
3.192132413387298584e-01
2.139352113008499146e-01
1.196240857243537903e-01
1.246158555150032043e-01
8.739568293094635010e-02
2.435490861535072327e-02
3.179471939802169800e-02
1.158031076192855835e-01
3.192132413387298584e-01
3.192132413387298584e-01
1.106208413839340210e-01
7.607383280992507935e-02
4.378467798233032227e-02
4.525898769497871399e-02
4.312237352132797241e-02
1.133968830108642578e-01
1.524069011211395264e-01
3.192132413387298584e-01
2.342468202114105225e-01
1.162821874022483826e-01
1.267776489257812500e-01
1.842145919799804688e-01
3.192132413387298584e-01
8.285141736268997192e-02
5.672074481844902039e-02
4.667009785771369934e-02
2.589183151721954346e-01
1.610427796840667725e-01
1.161064952611923218e-01
1.014781072735786438e-01
6.789331138134002686e-02
1.772665828466415405e-01
6.292317807674407959e-02
5.593353882431983948e-02
8.187985420227050781e-02
1.785827130079269409e-01
3.835853040218353271e-01
6.994180381298065186e-02
4.644801840186119080e-02
4.808345437049865723e-02
2.144981175661087036e-02
3.279855847358703613e-02
7.327301800251007080e-02
9.919247031211853027e-02
3.835853040218353271e-01
3.835853040218353271e-01
8.800443261861801147e-02
1.477170642465353012e-02
3.835853040218353271e-01
9.631220996379852295e-02
4.150891676545143127e-02
3.583771362900733948e-02
8.108188211917877197e-02
3.835853040218353271e-01
1.072796955704689026e-01
7.106836140155792236e-02
6.169763579964637756e-02
2.312531322240829468e-02
7.771017402410507202e-02
3.567652404308319092e-02
4.221393167972564697e-02
6.105367839336395264e-02
1.220534592866897583e-01
2.030241340398788452e-01
4.716368764638900757e-02
2.135707996785640717e-02
8.329489082098007202e-02
1.593429893255233765e-01
1.349250376224517822e-01
1.245497316122055054e-01
9.048701822757720947e-02
2.019936144351959229e-01
